-------[ 2021-01-01 00:00:00 ]

bb.tracker_pitch_angle = 10.

## optics parameters:
bb.optics_order = 2

#bb.optics_nelem = 9

#bb.optics_parameters = 
#  -0.0014629237  0.00037941994 -0.00095754244      0.2769191  0 0 0 0 0
#     0.52289143 -0.00072568509   0.0014194667     0.12177326  1 0 0 0 0
#     -0.0429585  -0.0060262058    0.013197044   -0.016461798  2 0 0 0 0
#    0.010777049   -0.030891294      1.0663789  -0.0033243495  0 1 0 0 0
#    -0.43315873     0.21685553    -0.35678525    0.014664485  1 1 0 0 0
#   -0.018992325   -0.037021977    0.081828146     0.26649178  0 2 0 0 0
#     -0.4138084  -0.0034560373    0.009090184   -0.062998296  0 0 1 0 0
#    0.051872706    0.014344192   -0.031155785    0.050567745  1 0 1 0 0
#     0.28964757     -0.2536192     0.47431456   -0.022839649  0 1 1 0 0
#   -0.005425351    0.003797722  -0.0078801984   0.0075681776  0 0 2 0 0
#   -0.014876018     0.99904964      -2.666626   0.0013908722  0 0 0 1 0
#      1.1226647    -0.34170577     0.44981824   -0.021462722  1 0 0 1 0
#    0.093601185    0.095753028    -0.20834281    -0.43485582  0 1 0 1 0
#    -0.83735284     0.47556083    -0.82781209    0.019590082  0 0 1 1 0
#   -0.051185974   -0.057646576     0.12923726     0.17177893  0 0 0 2 0
#  5.9533565e-16 -8.8307616e-16  1.6111156e-15 -2.5115108e-14  0 0 0 0 1
# -9.0017103e-17 -2.7484323e-15  6.3413659e-15 -9.5467346e-14  1 0 0 0 1
# -5.9739436e-15  2.4265842e-15 -6.4499996e-15   4.516025e-15  0 1 0 0 1
# -2.7689762e-15  3.9845049e-16 -2.3538082e-15 -3.1248326e-14  0 0 1 0 1
# -2.3741486e-15  8.5392922e-16 -2.3580607e-15  2.3118034e-15  0 0 0 1 1
#   4.344296e-15 -1.2879984e-15  3.9146744e-15  1.2162675e-15  0 0 0 0 2

# bb.optics_parameters = 
#    -0.014648478  9.2888779e-05 -0.00028384801     0.26792745  0 0 0 0 0
#      0.45489388   0.0012370654   -0.002972144     0.12160704  1 0 0 0 0
#    -0.032203776   0.0033872756  -0.0068735758   -0.017499924  2 0 0 0 0
#    0.0075285342   -0.027680404      1.0646037   0.0023734059  0 1 0 0 0
#     -0.17444389     0.12471081     -0.2358848    0.010951956  1 1 0 0 0
#    0.0064272453    0.049341224   -0.085804162     0.09175745  0 2 0 0 0
#     -0.36392268  -0.0016756369   0.0045578207   -0.066694469  0 0 1 0 0
#     0.042804806   -0.011090823     0.02077952    0.049864893  1 0 1 0 0
#      0.12659709    -0.20279798     0.47125088   -0.018754319  0 1 1 0 0
#   -0.0073136032   0.0046097496  -0.0069415866    0.016885366  0 0 2 0 0
#    -0.019269868     0.98877439     -2.9284859  -0.0030676435  0 0 0 1 0
#      0.48896519    -0.29274099     0.49157929   -0.019691589  1 0 0 1 0
#     0.021728534     -0.2401849     0.40208086   -0.025483334  0 1 0 1 0
#     -0.37412069     0.58587298     -1.3242557    0.036218813  0 0 1 1 0
#    0.0019082509     0.29567774    -0.47302795    -0.12511339  0 0 0 2 0
#   3.7503079e-16   7.902824e-16 -2.7955172e-16  -4.110295e-15  0 0 0 0 1
#  -8.4120349e-17  -9.966935e-17  1.8352942e-17  6.4052857e-16  1 0 0 0 1
#  -8.1051437e-17 -1.2618543e-16 -2.0149278e-16 -4.0746041e-16  0 1 0 0 1
#  -2.9598011e-16  1.0733965e-16 -8.6145775e-17  4.4703935e-15  0 0 1 0 1
#  -1.4758179e-17  6.6168751e-17 -2.7328371e-17   4.322175e-16  0 0 0 1 1
#    2.675701e-17   6.815644e-17   1.987716e-17  1.3165776e-16  0 0 0 0 2

## Momentum reconstruction
bb.preconflag = 1
# NOTE on new momentum reconstruction formalism: 1st-order momentum is calculated from
#   p*thetabend = A_pth1*(1.0 + (B_pth1+C_pth1*bb.magdist)*thtgt)
# For simulation start with, A_pth1=0.28615*s; B_pth1=0.1976; C_pth1=0.4764
# where 's' is bbfield scale factor
#bb.A_pth1 =      0.27618452
#bb.B_pth1 =      0.93026782
#bb.C_pth1 = 0.0

#bb.optics_parameters = 
#   -0.014648478  9.2888779e-05 -0.00028384801 0.0 0 0 0 0 0
#     0.45489388   0.0012370654   -0.002972144 0.0 1 0 0 0 0
#   -0.032203776   0.0033872756  -0.0068735758 0.0 2 0 0 0 0
#   0.0075285342   -0.027680404      1.0646037 0.0 0 1 0 0 0
#    -0.17444389     0.12471081     -0.2358848 0.0 1 1 0 0 0
#   0.0064272453    0.049341224   -0.085804162 0.0 0 2 0 0 0
#    -0.36392268  -0.0016756369   0.0045578207 0.0 0 0 1 0 0
#    0.042804806   -0.011090823     0.02077952 0.0 1 0 1 0 0
#     0.12659709    -0.20279798     0.47125088 0.0 0 1 1 0 0
#  -0.0073136032   0.0046097496  -0.0069415866 0.0 0 0 2 0 0
#   -0.019269868     0.98877439     -2.9284859 0.0 0 0 0 1 0
#     0.48896519    -0.29274099     0.49157929 0.0 1 0 0 1 0
#    0.021728534     -0.2401849     0.40208086 0.0 0 1 0 1 0
#    -0.37412069     0.58587298     -1.3242557 0.0 0 0 1 1 0
#   0.0019082509     0.29567774    -0.47302795 0.0 0 0 0 2 0
#  3.7503079e-16   7.902824e-16 -2.7955172e-16 0.0 0 0 0 0 1
# -8.4120349e-17  -9.966935e-17  1.8352942e-17 0.0 1 0 0 0 1
# -8.1051437e-17 -1.2618543e-16 -2.0149278e-16 0.0 0 1 0 0 1
# -2.9598011e-16  1.0733965e-16 -8.6145775e-17 0.0 0 0 1 0 1
# -1.4758179e-17  6.6168751e-17 -2.7328371e-17 0.0 0 0 0 1 1
#   2.675701e-17   6.815644e-17   1.987716e-17 0.0 0 0 0 0 2

bb.preconflag = 1
# NOTE on new momentum reconstruction formalism: 1st-order momentum is calculated from
#   p*thetabend = A_pth1*(1.0 + (B_pth1+C_pth1*bb.magdist)*thtgt)
# and momentum expansion coefficients are for delta = p(first order) * (1+delta)
# In most of the acceptance we don't need any corrections beyond the first-order model

#bb.A_pth1 =     0.269878955
#bb.B_pth1 =     0.893519136
#bb.C_pth1 = 0.0

bb.A_pth1 =  0.27596306
bb.B_pth1 =  0.93602
bb.C_pth1 =  0.0

#NOTE: angle and vertex reconstruction coefficients are from newfit_sbs9.dat

bb.preconflag = 1

bb.A_pth1 =      0.27596306
bb.B_pth1 =         0.93602
bb.C_pth1 = 0.0

bb.optics_order = 2
bb.optics_parameters = 
   -0.017038188  0.00016668895 -0.00042044782  -0.0082099434  0 0 0 0 0
     0.52783833   0.0013581476  -0.0034417349   -0.049382161  1 0 0 0 0
    -0.04169352 -0.00082370865   0.0067034893   -0.014376316  2 0 0 0 0
    0.010771726   -0.035131044      1.0704952  -0.0061846156  0 1 0 0 0
    -0.24529799     0.13821752    -0.20706947     0.30191836  1 1 0 0 0
    0.022356012   -0.046898465    0.065697231     0.56123441  0 2 0 0 0
    -0.42206771  -0.0020922561   0.0058321665     0.14314241  0 0 1 0 0
    0.052223562    0.010257578   -0.047949745     0.12309299  1 0 1 0 0
      0.1678137    -0.20039075     0.41391955    -0.37894666  0 1 1 0 0
  -0.0076310947   -0.015921068     0.06861897    0.010840081  0 0 2 0 0
   -0.025660034      1.0033078     -2.6595594     0.02784725  0 0 0 1 0
     0.62550757    -0.27399686     0.36298022    -0.80905545  1 0 0 1 0
   -0.038258905     0.22105951    -0.29838129    -0.90781313  0 1 0 1 0
    -0.46215849     0.46744508     -0.9674863      1.0592859  0 0 1 1 0
    0.087665503    -0.26951015     0.37573953     0.48892863  0 0 0 2 0
 -3.1607629e-16 -3.7311289e-15  4.3573145e-16   9.679042e-17  0 0 0 0 1
 -6.4794185e-17  1.9548291e-15  1.5938414e-15 -4.1049744e-17  1 0 0 0 1
  2.5484443e-17  3.2023903e-17  -6.362548e-17  1.1072441e-16  0 1 0 0 1
 -4.4034823e-17  6.9255657e-16  1.5682305e-16  9.1832123e-17  0 0 1 0 1
  6.5490588e-17 -2.0026068e-16  1.6710717e-16 -2.4406573e-16  0 0 0 1 1
 -3.3486579e-18  1.0046098e-17  -5.097082e-17  8.3932146e-17  0 0 0 0 2
  

bb.forwardoptics_order = 2

bb.forwardoptics_parameters =
     0.17207356 -0.00026098777     0.17502358  7.8778726e-05  0 0 0 0 0
      2.6956265 -5.7860324e-05      0.9804753  -0.0020351996  1 0 0 0 0
     0.31615061  -0.0041778371  -0.0058459999  -0.0055018475  2 0 0 0 0
  0.00096790884       2.707804  -0.0022483936      1.0811381  0 1 0 0 0
   0.0028148626   -0.081092937   0.0041167352    -0.17299544  1 1 0 0 0
    -0.59562268   -0.004628378    -0.38277148   0.0099949673  0 2 0 0 0
    0.001793467      1.0087288  0.00072626305    0.032378109  0 0 1 0 0
     0.82138916    -0.29326147     -0.0651564    -0.18204558  1 0 1 0 0
     -0.4101497  -0.0047826932    -0.30576759   -0.023688778  0 1 1 0 0
    -0.11633793  -0.0065319472   -0.084610785   -0.013274684  0 0 2 0 0
    -0.22053523  0.00083622903    -0.27744063 -0.00057852234  0 0 0 1 0
    -0.18502009  -0.0018600548     -0.2228131  2.9726516e-06  1 0 0 1 0
  -0.0037553774  -0.0010331701 -0.00025109923    0.010196565  0 1 0 1 0
  -0.0025847985    0.016484267  -0.0042847004    0.013016685  0 0 1 1 0
   0.0026892495 -0.00070229546   0.0050948488  0.00032388395  0 0 0 2 0
 -2.9054707e-13  1.5003182e-13  2.4805904e-14  3.5529483e-14  0 0 0 0 1
  3.9224224e-15 -3.2448797e-15  -2.148323e-15 -7.7511666e-16  1 0 0 0 1
 -2.4719487e-16  1.4089123e-16  -5.300623e-17  3.8269108e-17  0 1 0 0 1
  5.5366029e-16 -4.1147963e-16  1.6401172e-17  -1.068411e-16  0 0 1 0 1
 -1.7810969e-13  9.1734525e-14  1.4274574e-14  2.1996711e-14  0 0 0 1 1
   2.921886e-16 -1.7095263e-16 -2.2108328e-17 -4.8467383e-17  0 0 0 0 2



## track constraint widths:
bb.frontconstraint_y0 = 0.0
bb.frontconstraint_x0 = 0.018
bb.frontconstraintwidth_x = 0.12 # m
bb.frontconstraintwidth_y = 0.060 # m
bb.backconstraintwidth_x = 0.050 # m
bb.backconstraintwidth_y = 0.050 # m

trackgrinchcorr_const = -0.44160517
trackgrinchcorr_slope = 0.90774908
trackgrinchcorr_sigma = 0.25

psshPIDprobatable = 
0   0   1
0.01   0.0102965   0.939074
0.02   0.0160108   0.672653
0.03   0.0223125   0.503606
0.04   0.0294634   0.438879
0.05   0.038083   0.403123
0.06   0.0484862   0.376816
0.07   0.0606839   0.356052
0.08   0.075664   0.33765
0.09   0.0928656   0.32209
0.1   0.113875   0.309052
0.11   0.137282   0.295641
0.12   0.163355   0.28374
0.13   0.192386   0.272354
0.14   0.223323   0.26223
0.15   0.257182   0.252123
0.16   0.293438   0.241856
0.17   0.331436   0.232353
0.18   0.371366   0.22253
0.19   0.411975   0.213329
0.2   0.453423   0.203489
0.21   0.494475   0.194661
0.22   0.535485   0.186738
0.23   0.575672   0.177555
0.24   0.614038   0.169296
0.25   0.652233   0.161427
0.26   0.688602   0.152457
0.27   0.722786   0.144446
0.28   0.754348   0.137163
0.29   0.784175   0.130005
0.3   0.811428   0.123273
0.31   0.836709   0.117091
0.32   0.85946   0.111567
0.33   0.879973   0.106078
0.34   0.897719   0.100767
0.35   0.913821   0.0951011
0.36   0.927423   0.0903407
0.37   0.939257   0.0858112
0.38   0.949244   0.0811752
0.39   0.957853   0.0770898
0.4   0.965196   0.0731109
0.41   0.971311   0.06899
0.42   0.976422   0.0649579
0.43   0.980934   0.0613343
0.44   0.984507   0.0576219
0.45   0.987423   0.0541405
0.46   0.98973   0.0507123
0.47   0.991824   0.0476926
0.48   0.993223   0.0445309
0.49   0.994376   0.0421507
0.5   0.995338   0.0396639
0.51   0.996016   0.0371772
0.52   0.996662   0.0348325
0.53   0.99717   0.0327187
0.54   0.997533   0.0308359
0.55   0.997832   0.0290774
0.56   0.998147   0.0272301
0.57   0.998393   0.0256492
0.58   0.998622   0.0237841
0.59   0.998793   0.0222033
0.6   0.999007   0.0204803
0.61   0.999167   0.0191303
0.62   0.999242   0.0177626
0.63   0.999311   0.0166081
0.64   0.999455   0.0154712
0.65   0.999503   0.0144055
0.66   0.999589   0.013393
0.67   0.999658   0.0124516
0.68   0.999706   0.0115812
0.69   0.999744   0.0108707
0.7   0.999786   0.0097872
0.71   0.999802   0.00888131
0.72   0.999829   0.00809975
0.73   0.99985   0.00733596
0.74   0.999888   0.00666098
0.75   0.999893   0.005986
0.76   0.99992   0.00538207
0.77   0.999941   0.00468933
0.78   0.999947   0.00438737
0.79   0.999963   0.00392554
0.8   0.999963   0.00335714
0.81   0.999968   0.00294859
0.82   0.999984   0.00261111
0.83   0.999989   0.00236243
0.84   0.999989   0.00198941
0.85   0.999995   0.00177626
0.86   0.999995   0.00154535
0.87   0.999995   0.00126115
0.88   0.999995   0.000923656
0.89   1   0.000834843
0.9   1   0.000603929
0.91   1   0.00040854
0.92   1   0.000319727
0.93   1   0.000248677
0.94   1   0.000195389
0.95   1   0.000124338
0.96   1   5.32879e-05
0.97   1   3.55252e-05
0.98   1   1.77626e-05
0.99   1   1.77626e-05

pcalPIDprobatable = 
0   0   1
0.01   0   1
0.02   0   1
0.03   0   1
0.04   0   1
0.05   0   1
0.06   0   1
0.07   0   1
0.08   0   1
0.09   0   1
0.1   0   1
0.11   0   1
0.12   0   1
0.13   0   1
0.14   0   1
0.15   0   1
0.16   0   1
0.17   0   1
0.18   0   1
0.19   0   1
0.2   0   1
0.21   0   1
0.22   0   1
0.23   0   1
0.24   0   0.999536
0.25   0   0.997875
0.26   0   0.995036
0.27   0   0.990768
0.28   0   0.985536
0.29   0   0.979768
0.3   0   0.973768
0.31   0   0.966143
0.32   0   0.958447
0.33   0   0.949251
0.34   0   0.93934
0.35   0   0.929126
0.36   0   0.917662
0.37   0   0.905752
0.38   0   0.894359
0.39   0   0.88052
0.4   0   0.865949
0.41   0   0.851538
0.42   0   0.836128
0.43   0   0.820467
0.44   0   0.803539
0.45   0   0.78654
0.46   0   0.769326
0.47   0   0.750862
0.48   0   0.732255
0.49   0   0.713737
0.5   0   0.693898
0.51   5.35739e-06   0.672399
0.52   5.35739e-06   0.650381
0.53   5.35739e-06   0.628917
0.54   2.6787e-05   0.607721
0.55   4.28591e-05   0.585579
0.56   0.00010179   0.562758
0.57   0.000192866   0.540401
0.58   0.000353588   0.518544
0.59   0.000546454   0.49617
0.6   0.000776822   0.473474
0.61   0.00105541   0.450135
0.62   0.00132328   0.428332
0.63   0.00173579   0.407153
0.64   0.0021751   0.386582
0.65   0.00266262   0.365886
0.66   0.00320372   0.344851
0.67   0.00383053   0.32578
0.68   0.00444128   0.30687
0.69   0.00499309   0.289013
0.7   0.00572169   0.271977
0.71   0.00659495   0.25521
0.72   0.00748963   0.240156
0.73   0.0084111   0.22596
0.74   0.00935401   0.211782
0.75   0.0105005   0.198121
0.76   0.0118291   0.184979
0.77   0.0131417   0.172675
0.78   0.0148185   0.160747
0.79   0.0165972   0.148747
0.8   0.0184187   0.13823
0.81   0.0205938   0.128391
0.82   0.0232725   0.118605
0.83   0.0260101   0.109212
0.84   0.0290317   0.100462
0.85   0.0325622   0.0925698
0.86   0.0363445   0.0844985
0.87   0.0407001   0.0770165
0.88   0.0459128   0.0697309
0.89   0.0518863   0.0626239
0.9   0.059001   0.0559276
0.91   0.0681728   0.0494098
0.92   0.0803019   0.0439278
0.93   0.0971938   0.0385529
0.94   0.122272   0.034053
0.95   0.158214   0.029303
0.96   0.211429   0.0245174
0.97   0.282592   0.0204103
0.98   0.372987   0.0165354
0.99   0.477767   0.0135176
1   0.58769   0.010482
1.01   0.69278   0.00758915
1.02   0.784311   0.00539276
1.03   0.857649   0.00346422
1.04   0.910724   0.00207139
1.05   0.947958   0.0014464
1.06   0.971734   0.000749987
1.07   0.986703   0.000285709
1.08   0.99521   7.14273e-05
1.09   0.999111   0
1.1   0.999952   0
1.11   0.999979   0
1.12   0.999989   0
1.13   0.999989   0
1.14   0.999995   0
1.15   1   0

bb.grinchPIDpbins = 2.7  2.9  3.2  3.5  4  5  

grinchPIDprobatable = 
0   0   1   1   1   1   1   1
1   0.000750035   0.708333   0.981651   1   0.999186   0.997845   0.994909
2   0.000808966   0.319444   0.834862   0.982544   0.994304   0.997845   0.994431
3   0.000851825   0.0555556   0.518349   0.900249   0.982099   0.996337   0.99353
4   0.000975045   0   0.238532   0.660848   0.892596   0.984702   0.990295
5   0.00236797   0   0.0275229   0.351621   0.6786   0.914674   0.976771
6   0.0104201   0   0   0.0997506   0.380797   0.727645   0.924798
7   0.0489719   0   0   0.00997506   0.135069   0.431157   0.768244
8   0.166047   0   0   0.00498753   0.0358015   0.176255   0.505622
9   0.390345   0   0   0.00249377   0.0081367   0.0551605   0.257478
10   0.652493   0   0   0.00249377   0.00732303   0.0165913   0.0995969
11   0.849168   0   0   0.00249377   0.00650936   0.00948072   0.0320322
12   0.942247   0   0   0.00249377   0.00569569   0.00689507   0.0132584
13   0.973031   0   0   0.00249377   0.00488202   0.00474036   0.0093339
14   0.980735   0   0   0.00249377   0.00406835   0.00387847   0.00768986
15   0.983269   0   0   0   0.00244101   0.00301659   0.00636402
16   0.985123   0   0   0   0.00162734   0.00237018   0.00546245
17   0.986821   0   0   0   0.00081367   0.00172377   0.00456088
18   0.988594   0   0   0   0.00081367   0.00129282   0.00355325
19   0.990105   0   0   0   0.00081367   0.000646412   0.00270471
20   0.99153   0   0   0   0   0.000646412   0.00222741
21   0.992655   0   0   0   0   0.000430942   0.00180314
22   0.99363   0   0   0   0   0.000430942   0.00148494
23   0.994402   0   0   0   0   0.000430942   0.00132584
24   0.995012   0   0   0   0   0.000430942   0.00121977
25   0.995634   0   0   0   0   0.000430942   0.00116674
26   0.996127   0   0   0   0   0.000430942   0.00116674
27   0.996609   0   0   0   0   0.000430942   0.00116674
28   0.99693   0   0   0   0   0.000215471   0.00106067
29   0.997241   0   0   0   0   0.000215471   0.00106067
30   0.997573   0   0   0   0   0.000215471   0.00090157
31   0.997798   0   0   0   0   0   0.000848536
32   0.998012   0   0   0   0   0   0.000795503
33   0.998157   0   0   0   0   0   0.000689436
34   0.998302   0   0   0   0   0   0.000689436
35   0.998457   0   0   0   0   0   0.000636402
36   0.998612   0   0   0   0   0   0.000636402
37   0.998768   0   0   0   0   0   0.000636402
38   0.998891   0   0   0   0   0   0.000583369
39   0.998977   0   0   0   0   0   0.000530335
40   0.999046   0   0   0   0   0   0.000477302
41   0.999132   0   0   0   0   0   0.000424268
42   0.999239   0   0   0   0   0   0.000318201
43   0.999314   0   0   0   0   0   0.000318201
44   0.999384   0   0   0   0   0   0.000318201
45   0.999427   0   0   0   0   0   0.000318201
46   0.999459   0   0   0   0   0   0.000212134
47   0.999496   0   0   0   0   0   0.000212134
48   0.999523   0   0   0   0   0   0.000159101
49   0.999582   0   0   0   0   0   0.000106067

bb.tracker_pitch_angle = 10.

## optics parameters:
bb.optics_order = 2

#bb.optics_nelem = 9

bb.optics_parameters = 
 -0.0014629237  0.00037941994 -0.00095754244      0.2769191  0 0 0 0 0
    0.52289143 -0.00072568509   0.0014194667     0.12177326  1 0 0 0 0
    -0.0429585  -0.0060262058    0.013197044   -0.016461798  2 0 0 0 0
   0.010777049   -0.030891294      1.0663789  -0.0033243495  0 1 0 0 0
   -0.43315873     0.21685553    -0.35678525    0.014664485  1 1 0 0 0
  -0.018992325   -0.037021977    0.081828146     0.26649178  0 2 0 0 0
    -0.4138084  -0.0034560373    0.009090184   -0.062998296  0 0 1 0 0
   0.051872706    0.014344192   -0.031155785    0.050567745  1 0 1 0 0
    0.28964757     -0.2536192     0.47431456   -0.022839649  0 1 1 0 0
  -0.005425351    0.003797722  -0.0078801984   0.0075681776  0 0 2 0 0
  -0.014876018     0.99904964      -2.666626   0.0013908722  0 0 0 1 0
     1.1226647    -0.34170577     0.44981824   -0.021462722  1 0 0 1 0
   0.093601185    0.095753028    -0.20834281    -0.43485582  0 1 0 1 0
   -0.83735284     0.47556083    -0.82781209    0.019590082  0 0 1 1 0
  -0.051185974   -0.057646576     0.12923726     0.17177893  0 0 0 2 0
 5.9533565e-16 -8.8307616e-16  1.6111156e-15 -2.5115108e-14  0 0 0 0 1
-9.0017103e-17 -2.7484323e-15  6.3413659e-15 -9.5467346e-14  1 0 0 0 1
-5.9739436e-15  2.4265842e-15 -6.4499996e-15   4.516025e-15  0 1 0 0 1
-2.7689762e-15  3.9845049e-16 -2.3538082e-15 -3.1248326e-14  0 0 1 0 1
-2.3741486e-15  8.5392922e-16 -2.3580607e-15  2.3118034e-15  0 0 0 1 1
  4.344296e-15 -1.2879984e-15  3.9146744e-15  1.2162675e-15  0 0 0 0 2

###############################################################################
###                                 SBS-4                                   ###
###############################################################################
--------[ 2021-10-21 00:00:00 ] # start of SBS-4 kinematics:

## Momentum reconstruction
bb.preconflag = 1
# NOTE on new momentum reconstruction formalism: 1st-order momentum is calculated from
#   p*thetabend = A_pth1*(1.0 + (B_pth1+C_pth1*bb.magdist)*thtgt)
# For simulation start with, A_pth1=0.28615*s; B_pth1=0.1976; C_pth1=0.4764
# where 's' is bbfield scale factor
# Calibrated using updated ebeam (3.7393 GeV) - 06/23/2023
bb.A_pth1 =       0.2775655
bb.B_pth1 =      1.05454832
bb.C_pth1 = 0.0

bb.optics_order = 2
bb.optics_parameters = 
   -0.014899206  0.00057578994    -0.00124569   -0.012515906  0 0 0 0 0
     0.46636663   0.0018115182  -0.0040024195   -0.042003159  1 0 0 0 0
   -0.033453963  0.00010587663 -0.00043832147   -0.034623432  2 0 0 0 0
    0.018112295   -0.016720973      1.0382238  -0.0045918182  0 1 0 0 0
    -0.21545807     0.51418377     -1.0710521     0.23221857  1 1 0 0 0
    -0.14403672    -0.58307353      1.2520118      2.4818904  0 2 0 0 0
    -0.37390157  -0.0035870122   0.0079561631     0.13780722  0 0 1 0 0
     0.04268482   0.0020031705   -0.005719815     0.14139668  1 0 1 0 0
   -0.030893502     -1.1667016      2.5729209    0.088708527  0 1 1 0 0
  -0.0056600487   -0.007103361    0.021354569    0.048486969  0 0 2 0 0
   -0.044762023     0.95309645     -2.7951438    0.025584966  0 0 0 1 0
     0.60529983     -1.2224553      2.5027713    -0.66880666  1 0 0 1 0
     0.83344055      3.0826025     -6.6290822     -10.384942  0 1 0 1 0
  -0.0034478142      2.9590945     -6.4986667   -0.082370576  0 0 1 1 0
     -1.0857406     -4.0963099      8.7941392      12.468804  0 0 0 2 0
  1.2605615e-15 -3.1145952e-15  2.0941505e-15 -8.3579028e-16  0 0 0 0 1
 -2.9469086e-16  3.1628991e-15  4.1455217e-16  1.7453905e-15  1 0 0 0 1
 -5.0300972e-17  3.7435472e-16 -6.9250751e-16  4.6351972e-16  0 1 0 0 1
 -2.0416803e-16  1.2157325e-15 -8.0333829e-16 -2.3834155e-16  0 0 1 0 1
  1.6582643e-16  1.6145518e-16 -3.1559976e-16 -1.3932339e-16  0 0 0 1 1
  7.9334208e-17  1.3277564e-17  4.3932323e-17  2.5784823e-16  0 0 0 0 2


###############################################################################
###                                 SBS-7                                   ###
###############################################################################
--------[ 2021-11-12 00:00:00 ] ## Starting SBS-7 kinematics for GMN:

## Momentum reconstruction
bb.preconflag = 1
# NOTE on new momentum reconstruction formalism: 1st-order momentum is calculated from
#   p*thetabend = A_pth1*(1.0 + (B_pth1+C_pth1*bb.magdist)*thtgt)
# Calibrated using updated ebeam (7.9308 GeV) - 08/02/2023
bb.A_pth1 =       0.2775655
bb.B_pth1 =      1.07844454
bb.C_pth1 = 0.0

bb.optics_order = 2
bb.optics_parameters = 
    -0.01459946  0.00011084638 -0.00031130555   -0.012769645  0 0 0 0 0
     0.45567312   0.0014257078  -0.0034653246   -0.042467758  1 0 0 0 0
   -0.033033215  0.00021905178 -8.3648764e-05   -0.030380237  2 0 0 0 0
    0.019274359   0.0057735938     0.99047939  -0.0087056643  0 1 0 0 0
    -0.16420223     0.55950975      -1.188491     0.16062038  1 1 0 0 0
    0.040251003    0.095338254     -0.2199622      2.1765665  0 2 0 0 0
     -0.3651209  -0.0030375767   0.0074817984     0.14059863  0 0 1 0 0
    0.048859908  0.00012521637  -0.0028527648     0.10932444  1 0 1 0 0
   -0.026585768     -1.1951581      2.6501003    0.072836399  0 1 1 0 0
    -0.02076905  0.00026215884   0.0049241568    0.061249081  0 0 2 0 0
   -0.048684512     0.90225077     -2.7372921    0.029247581  0 0 0 1 0
     0.48074814     -1.3611164      2.8166021    -0.43929988  1 0 0 1 0
    -0.20468003    -0.59282679      1.3549871     -8.4917557  0 1 0 1 0
  -0.0083312882      3.0332063     -6.6366142     -0.1316189  0 0 1 1 0
     0.35712721     0.91002928     -2.0591363      10.057881  0 0 0 2 0
  8.3880415e-17  6.1499182e-16 -1.4215754e-17   2.189454e-15  0 0 0 0 1
  8.1339869e-17  3.4903482e-16 -1.9291175e-15  1.2774794e-15  1 0 0 0 1
 -6.7181161e-17  1.1511178e-16  -1.244235e-16 -1.2820985e-15  0 1 0 0 1
 -1.3526258e-17 -1.4767127e-17 -1.6217664e-16   1.021481e-16  0 0 1 0 1
 -2.5808366e-18  1.2741506e-17 -2.7429164e-17  1.4421477e-17  0 0 0 1 1
  3.9105693e-17  3.4001349e-17 -4.5730758e-17  2.0619829e-16  0 0 0 0 2


###############################################################################
###                                 SBS-11                                  ###
###############################################################################
--------[ 2021-11-23 00:00:00 ] ## starting SBS-11 kinematics for GMN

## Momentum reconstruction
bb.preconflag = 1
# NOTE on new momentum reconstruction formalism: 1st-order momentum is calculated from
#   p*thetabend = A_pth1*(1.0 + (B_pth1+C_pth1*bb.magdist)*thtgt)
# Calibrated using updated ebeam (9.889 GeV) - 08/03/2023
bb.A_pth1 =       0.2775655
bb.B_pth1 =     0.936715544
bb.C_pth1 = 0.0

bb.optics_order = 2
bb.optics_parameters = 
   -0.016857128  0.00040004143 -0.00083142709   -0.011540859  0 0 0 0 0
     0.52810937   0.0014329689  -0.0030790569   -0.051825444  1 0 0 0 0
   -0.044051789   0.0028867285  -0.0054895483   0.0073867081  2 0 0 0 0
    0.015449647   -0.018929642      1.0388874    -0.01075741  0 1 0 0 0
    -0.28469356     0.29744823    -0.53153028     0.27929568  1 1 0 0 0
   -0.072627163    -0.30591553     0.62081714     0.81161658  0 2 0 0 0
     -0.4231581  -0.0023164996   0.0052228522     0.15052749  0 0 1 0 0
    0.064788469   -0.007691705    0.013458174    0.048102559  1 0 1 0 0
     0.14885843    -0.62341894      1.2484601    -0.15747967  0 1 1 0 0
   -0.025027603 -8.5444768e-05   0.0012380568    0.099760737  0 0 2 0 0
   -0.036637574     0.97379822     -2.6049948    0.039852655  0 0 0 1 0
     0.72722902    -0.64450364      1.0804575    -0.68907084  1 0 0 1 0
     0.41080236      1.4342148       -2.95347     -2.2482672  0 1 0 1 0
    -0.41319211      1.3967532      -2.720212     0.38268096  0 0 1 1 0
    -0.46503872     -1.7152224      3.5801827      2.2893541  0 0 0 2 0
  5.6416629e-17 -3.1826337e-16   9.541445e-17  1.0339136e-16  0 0 0 0 1
   3.144401e-16  8.0375023e-18   5.550313e-16 -1.8552379e-16  1 0 0 0 1
 -1.7976435e-16  7.0152761e-16 -1.4249815e-15   -1.30157e-16  0 1 0 0 1
  4.7185683e-17  -9.610216e-17  1.5246385e-16  2.9828166e-17  0 0 1 0 1
 -1.0966018e-16  1.7246586e-16 -3.7925853e-16  2.5344877e-17  0 0 0 1 1
  1.0432587e-17  3.7348632e-17 -5.7017975e-17 -9.5675531e-18  0 0 0 0 2


###############################################################################
###                                SBS-14                                   ###
###############################################################################
--------[ 2022-01-06 12:00:00 ] ## starting SBS-14 kinematics for GMN:

## Momentum reconstruction
bb.preconflag = 1
# NOTE on new momentum reconstruction formalism: 1st-order momentum is calculated from
#   p*thetabend = A_pth1*(1.0 + (B_pth1+C_pth1*bb.magdist)*thtgt)
# For simulation start with, A_pth1=0.28615*s; B_pth1=0.1976; C_pth1=0.4764
# where 's' is bbfield scale factor
bb.A_pth1 =       0.2775655
bb.B_pth1 =      1.07792527
bb.C_pth1 = 0.0

bb.optics_order = 2
bb.optics_parameters = 
   -0.014625346  0.00010983482 -0.00018669868    -0.01298056  0 0 0 0 0
     0.45601539   0.0012360749  -0.0028816474   -0.040853209  1 0 0 0 0
   -0.032718559   0.0027959719  -0.0053418439   -0.035199682  2 0 0 0 0
    0.011530273   -0.022508609      1.0534274  -0.0080811974  0 1 0 0 0
     -0.1385451     0.53483127     -1.1271963     0.18838486  1 1 0 0 0
   0.0046384789    -0.02013177   -0.025277651      1.9509698  0 2 0 0 0
    -0.36612387  -0.0018413491   0.0044855649     0.13686029  0 0 1 0 0
    0.048685035  -0.0074073746    0.013524957     0.12566378  1 0 1 0 0
  -0.0018402897     -1.1258176      2.5277086   -0.031362557  0 1 1 0 0
    -0.02395178   0.0037168768  -0.0085518115     0.04877015  0 0 2 0 0
   -0.029038854     0.96825091     -2.8807978    0.035266422  0 0 0 1 0
     0.39703677     -1.1974941      2.4580218    -0.50194449  1 0 0 1 0
    0.030372946     0.14430136    0.017590921     -7.2189718  0 1 0 1 0
   -0.035388733      2.6446109     -5.8693776    0.089194734  0 0 1 1 0
    0.012081704    -0.21736288     0.04960829      8.3690857  0 0 0 2 0
  4.3361412e-16  5.1429372e-16  2.5035035e-16 -6.7410212e-16  0 0 0 0 1
 -2.4192045e-16 -1.2793734e-15  1.0067433e-15  2.7753271e-16  1 0 0 0 1
 -9.8653458e-19  4.9608558e-16 -1.0060072e-15  1.0517608e-17  0 1 0 0 1
 -1.6530869e-16 -5.4212403e-16  6.8523267e-16  1.5799512e-15  0 0 1 0 1
  1.5693719e-17  2.1298269e-16 -2.7028318e-16 -3.4654183e-16  0 0 0 1 1
 -8.5014802e-18  5.4549906e-16 -1.0997138e-15  3.6802691e-16  0 0 0 0 2


## track constraint widths:
bb.frontconstraintwidth_x = 0.050 # m
bb.frontconstraintwidth_y = 0.050 # m
bb.backconstraintwidth_x = 0.050 # m
bb.backconstraintwidth_y = 0.050 # m

trackgrinchcorr_const = -0.44160517
trackgrinchcorr_slope = 0.90774908
trackgrinchcorr_sigma = 0.25

###############################################################################
###                                 SBS-8                                   ###
###############################################################################
--------[ 2022-01-21 12:00:00 ] ## starting SBS-8 kinematics:

## Momentum reconstruction
bb.preconflag = 1
# NOTE on new momentum reconstruction formalism: 1st-order momentum is calculated from
#   p*thetabend = A_pth1*(1.0 + (B_pth1+C_pth1*bb.magdist)*thtgt)
# For simulation start with, A_pth1=0.28615*s; B_pth1=0.1976; C_pth1=0.4764
# where 's' is bbfield scale factor

bb.A_pth1 = 0.2775655
bb.B_pth1 = 1.13836137
bb.C_pth1 = 0.0

bb.optics_order = 2

bb.optics_parameters = 
   -0.013794559  0.00024877738 -0.00064596402   -0.012896291  0 0 0 0 0
     0.43104058   0.0017520859  -0.0043500532   -0.044831476  1 0 0 0 0
   -0.026931458   0.0013102116  -0.0030454203    -0.07540664  2 0 0 0 0
    0.049515644    0.065370601      0.8455416   -0.048425864  0 1 0 0 0
    -0.14490723     0.73072832     -1.7029346      0.1886606  1 1 0 0 0
   0.0055778328   -0.023154089     0.05422417      4.4694456  0 2 0 0 0
    -0.34619242  -0.0048141841    0.011727497     0.14901304  0 0 1 0 0
    0.024945936   -0.008157378    0.020831001     0.21309712  1 0 1 0 0
    -0.35168912     -1.8808217      4.4580079     0.37653704  0 1 1 0 0
    0.016900277    0.017071957   -0.041608605   -0.070130177  0 0 2 0 0
    -0.12810903     0.72071815     -2.4098634     0.13803423  0 0 0 1 0
     0.47009333     -2.0167749      4.6512999    -0.58085427  1 0 0 1 0
   -0.057766446   -0.017969109     0.04856836     -20.165959  0 1 0 1 0
     0.82087786       5.478301      -12.99833    -0.85037248  0 0 1 1 0
     0.18802516     0.22423589    -0.54223526      25.990039  0 0 0 2 0
  1.2717894e-15  3.0267974e-15 -2.0715451e-15 -1.0956934e-13  0 0 0 0 1
 -1.3953174e-15 -4.8270984e-15  2.2319994e-15 -3.8965663e-14  1 0 0 0 1
 -3.4660143e-16 -1.9663392e-15  2.9783481e-15  2.7946582e-16  0 1 0 0 1
 -3.2104604e-16 -2.4418407e-15  1.5028827e-15 -2.0424349e-14  0 0 1 0 1
  1.0615465e-16  4.9115494e-16 -1.3477686e-15  5.3151061e-15  0 0 0 1 1
 -2.9868289e-17 -3.7293411e-16  8.6194938e-16  1.6668952e-15  0 0 0 0 2

 

-------[ 2022-02-01 12:00:00 ] # GMN SBS-9

bb.preconflag = 1

bb.A_pth1 =      0.27596306
bb.B_pth1 =         0.93602
bb.C_pth1 = 0.0

bb.optics_order = 2

bb.optics_parameters = 
   -0.017038188  0.00016668895 -0.00042044782  -0.0082099434  0 0 0 0 0
     0.52783833   0.0013581476  -0.0034417349   -0.049382161  1 0 0 0 0
    -0.04169352 -0.00082370865   0.0067034893   -0.014376316  2 0 0 0 0
    0.010771726   -0.035131044      1.0704952  -0.0061846156  0 1 0 0 0
    -0.24529799     0.13821752    -0.20706947     0.30191836  1 1 0 0 0
    0.022356012   -0.046898465    0.065697231     0.56123441  0 2 0 0 0
    -0.42206771  -0.0020922561   0.0058321665     0.14314241  0 0 1 0 0
    0.052223562    0.010257578   -0.047949745     0.12309299  1 0 1 0 0
      0.1678137    -0.20039075     0.41391955    -0.37894666  0 1 1 0 0
  -0.0076310947   -0.015921068     0.06861897    0.010840081  0 0 2 0 0
   -0.025660034      1.0033078     -2.6595594     0.02784725  0 0 0 1 0
     0.62550757    -0.27399686     0.36298022    -0.80905545  1 0 0 1 0
   -0.038258905     0.22105951    -0.29838129    -0.90781313  0 1 0 1 0
    -0.46215849     0.46744508     -0.9674863      1.0592859  0 0 1 1 0
    0.087665503    -0.26951015     0.37573953     0.48892863  0 0 0 2 0
 -3.1607629e-16 -3.7311289e-15  4.3573145e-16   9.679042e-17  0 0 0 0 1
 -6.4794185e-17  1.9548291e-15  1.5938414e-15 -4.1049744e-17  1 0 0 0 1
  2.5484443e-17  3.2023903e-17  -6.362548e-17  1.1072441e-16  0 1 0 0 1
 -4.4034823e-17  6.9255657e-16  1.5682305e-16  9.1832123e-17  0 0 1 0 1
  6.5490588e-17 -2.0026068e-16  1.6710717e-16 -2.4406573e-16  0 0 0 1 1
 -3.3486579e-18  1.0046098e-17  -5.097082e-17  8.3932146e-17  0 0 0 0 2

bb.forwardoptics_order = 2

bb.forwardoptics_parameters =
     0.17207356 -0.00026098777     0.17502358  7.8778726e-05  0 0 0 0 0
      2.6956265 -5.7860324e-05      0.9804753  -0.0020351996  1 0 0 0 0
     0.31615061  -0.0041778371  -0.0058459999  -0.0055018475  2 0 0 0 0
  0.00096790884       2.707804  -0.0022483936      1.0811381  0 1 0 0 0
   0.0028148626   -0.081092937   0.0041167352    -0.17299544  1 1 0 0 0
    -0.59562268   -0.004628378    -0.38277148   0.0099949673  0 2 0 0 0
    0.001793467      1.0087288  0.00072626305    0.032378109  0 0 1 0 0
     0.82138916    -0.29326147     -0.0651564    -0.18204558  1 0 1 0 0
     -0.4101497  -0.0047826932    -0.30576759   -0.023688778  0 1 1 0 0
    -0.11633793  -0.0065319472   -0.084610785   -0.013274684  0 0 2 0 0
    -0.22053523  0.00083622903    -0.27744063 -0.00057852234  0 0 0 1 0
    -0.18502009  -0.0018600548     -0.2228131  2.9726516e-06  1 0 0 1 0
  -0.0037553774  -0.0010331701 -0.00025109923    0.010196565  0 1 0 1 0
  -0.0025847985    0.016484267  -0.0042847004    0.013016685  0 0 1 1 0
   0.0026892495 -0.00070229546   0.0050948488  0.00032388395  0 0 0 2 0
 -2.9054707e-13  1.5003182e-13  2.4805904e-14  3.5529483e-14  0 0 0 0 1
  3.9224224e-15 -3.2448797e-15  -2.148323e-15 -7.7511666e-16  1 0 0 0 1
 -2.4719487e-16  1.4089123e-16  -5.300623e-17  3.8269108e-17  0 1 0 0 1
  5.5366029e-16 -4.1147963e-16  1.6401172e-17  -1.068411e-16  0 0 1 0 1
 -1.7810969e-13  9.1734525e-14  1.4274574e-14  2.1996711e-14  0 0 0 1 1
   2.921886e-16 -1.7095263e-16 -2.2108328e-17 -4.8467383e-17  0 0 0 0 2


###############################################################################
###                               Starting GEn                              ###
###############################################################################
--------[ 2022-10-05 00:00:00 ]


###############################################################################
###                                GEN-2                                    ###
###############################################################################

bb.is_mc = 1

bb.optics_order = 2


bb.preconflag = 1

bb.A_pth1 =      0.25896575
bb.B_pth1 =        0.974132
bb.C_pth1 = 0.0

bb.optics_parameters = 
   -0.016248464  3.9050837e-05 -0.00014958112  -0.0087203463  0 0 0 0 0
     0.50667173  0.00030587161  -0.0011031444   -0.051584334  1 0 0 0 0
   -0.041278468  0.00095553992  -0.0017097024    0.010303675  2 0 0 0 0
    0.019724749   -0.030465998      1.0634204   -0.018572451  0 1 0 0 0
    -0.48587491     0.02705809   -0.021318366      0.5789803  1 1 0 0 0
   -0.017151363  -0.0015387835  -0.0057302381     0.48790748  0 2 0 0 0
    -0.40597781  0.00088505509  6.7521111e-05     0.15882576  0 0 1 0 0
    0.055973016   0.0047451773  -0.0064155816    0.021400778  1 0 1 0 0
     0.36793254      0.0241983   -0.031814686    -0.55606014  0 1 1 0 0
  -0.0064450587   -0.017355434    0.025127161     0.13735845  0 0 2 0 0
    -0.04809494      1.0084809     -2.7532931    0.062567104  0 0 0 1 0
       1.278423    -0.11605056    0.073447107     -1.4636054  1 0 0 1 0
    0.098471676  -0.0015736224    0.067207355    -0.69769326  0 1 0 1 0
      -1.007264    0.082265634    -0.16610618      1.4013153  0 0 1 1 0
   -0.037639298    0.015828951    -0.12246244     0.29739589  0 0 0 2 0
  6.1159074e-16  8.3634678e-16 -7.6115442e-16  4.5672316e-16  0 0 0 0 1
  4.1055964e-17 -2.6213269e-16   3.812643e-16   1.472174e-17  1 0 0 0 1
  4.0731962e-17  1.7800168e-16 -1.5610115e-16 -4.1354679e-17  0 1 0 0 1
  3.3396441e-17 -2.7779494e-16  2.9643105e-16 -1.8212282e-16  0 0 1 0 1
  1.8178054e-16  1.9656558e-16  -1.444929e-16 -1.6780387e-16  0 0 0 1 1
   8.595539e-17  1.0995594e-16 -3.5437216e-17 -5.3520465e-17  0 0 0 0 2


# NOTE: the following forward optics model was calculated from the same simulation that produced the backward optics model above:
bb.forwardoptics_order = 2

bb.forwardoptics_parameters =
       0.172198 -5.7087142e-05     0.17521294  8.6864739e-06  0 0 0 0 0
      2.7909536 -0.00048318142     0.99941274  -0.0005584016  1 0 0 0 0
      0.3715081  -0.0040561747    0.052065786   -0.005050993  2 0 0 0 0
  -0.0019802981       2.781546 -0.00068481127      1.0569313  0 1 0 0 0
  -0.0096021522     0.16608755   -0.025093842  -0.0063571456  1 1 0 0 0
    -0.41586489    0.058594462    -0.22504878    0.034219104  0 2 0 0 0
   0.0017466648      1.0054909  0.00021643997    0.018565212  0 0 1 0 0
      1.7300154    -0.15880868   -0.081771722   -0.091675661  1 0 1 0 0
     -0.1491003    0.032224718    -0.16700932    0.026603975  0 1 1 0 0
   -0.051012096    0.037345461   -0.046183108    0.019302675  0 0 2 0 0
    -0.20727885 -0.00065982735    -0.26084089  -0.0006754715  0 0 0 1 0
    -0.18978643  -0.0018126233    -0.23656542  -0.0019131937  1 0 0 1 0
   0.0021765659  -0.0080845894  -0.0062671898    0.025978176  0 1 0 1 0
 -0.00066973357    0.013582953  -0.0062866494    0.023231785  0 0 1 1 0
   0.0017757878  0.00090984537   0.0039113436  0.00073416622  0 0 0 2 0
  4.0170636e-14   -7.34701e-15  9.2550331e-15 -2.9112572e-15  0 0 0 0 1
 -6.8411771e-16  3.0033938e-16 -6.2676807e-17  2.0071332e-16  1 0 0 0 1
 -2.3664244e-16  3.0812457e-16 -1.0468001e-16  1.2496239e-16  0 1 0 0 1
  5.6464055e-16 -4.1887711e-16  1.4259367e-16 -7.7324019e-17  0 0 1 0 1
  1.5784511e-14 -3.2211156e-15  3.4850619e-15 -1.3841974e-15  0 0 0 1 1
 -4.2499891e-16 -9.2784367e-16 -6.7345269e-17 -3.6411692e-16  0 0 0 0 2


# bb.backconstraint_x0 = 0.0032
# bb.backconstraint_y0 = 0.0002
# bb.backconstraintwidth_x = 0.05
# bb.backconstraintwidth_y = 0.06

# bb.frontconstraint_x0 = 0.0443
# bb.frontconstraint_y0 = -0.0136
# bb.frontconstraintwidth_x = 0.15
# bb.frontconstraintwidth_y = 0.11




###############################################################################
###                                GEN-3                                    ###
###############################################################################
--------[ 2022-11-08 00:00:00 ] 

bb.is_mc = 1

bb.optics_order = 2


bb.preconflag = 1

bb.A_pth1 =       0.2775655
bb.B_pth1 =         0.97175
bb.C_pth1 = 0.0

bb.optics_parameters = 
   -0.016121059  0.00041683698 -0.00061647871  -0.0087515079  0 0 0 0 0
     0.50814412   0.0014309211  -0.0026396486    -0.05434917  1 0 0 0 0
   -0.043628096  -0.0039047951   0.0017745815     0.01002278  2 0 0 0 0
    0.013648538   -0.026437833       1.053627    -0.02307578  0 1 0 0 0
    -0.37660074    0.095119893    -0.15340929     0.41348963  1 1 0 0 0
    -0.01765388   -0.040913621    0.073651189     0.55296072  0 2 0 0 0
    -0.40678578  -0.0029911432    0.005169848     0.16376263  0 0 1 0 0
    0.072084246    0.023856852   -0.021932967   0.0059646948  1 0 1 0 0
     0.30490952    -0.13472087     0.32112039    -0.23626759  0 1 1 0 0
   -0.038858384   -0.035434133     0.04065969     0.16274599  0 0 2 0 0
   -0.035235931      1.0042375     -2.7374697    0.071683604  0 0 0 1 0
     0.97784039    -0.18628285     0.20592521      -1.050749  1 0 0 1 0
     0.07178147     0.14750469    -0.25105383     -1.0470205  0 1 0 1 0
    -0.79611528     0.24763063    -0.52695614     0.67707618  0 0 1 1 0
  -0.0099824747      -0.134529     0.21409823     0.58084169  0 0 0 2 0
  3.3302462e-16 -5.4418726e-16 -8.0111183e-17 -1.5767519e-16  0 0 0 0 1
 -6.9862545e-16  2.5120286e-16  5.3913716e-16  1.7804593e-18  1 0 0 0 1
 -2.5477372e-16  4.8597992e-17 -1.0065301e-16   1.153422e-16  0 1 0 0 1
 -4.2015879e-16 -7.7388423e-18  2.2703373e-16   1.727147e-16  0 0 1 0 1
 -3.0181236e-18 -8.9731673e-17  1.0124242e-16 -9.8772664e-17  0 0 0 1 1
 -2.9964336e-16  8.5461662e-18 -1.6770191e-17  2.8929296e-16  0 0 0 0 2


# NOTE: the following forward optics model was calculated from the same simulation that produced the backward optics model above:
bb.forwardoptics_order = 2

bb.forwardoptics_parameters =
     0.17180588  0.00043136752     0.17411284   0.0003666768  0 0 0 0 0
      2.7806795  -0.0023050698     0.99158124  -0.0017232077  1 0 0 0 0
     0.36763411   0.0048569529    0.036918029 -0.00082628117  2 0 0 0 0
   -0.008545834      2.7797261  -0.0047516144       1.076051  0 1 0 0 0
   -0.030229604    0.049287013   -0.034134815   -0.075342068  1 1 0 0 0
    -0.40100354   -0.025987341    -0.24813578    0.022049037  0 2 0 0 0
  -0.0060671442      1.0078036  -0.0040734064    0.028916564  0 0 1 0 0
      1.2721664    -0.23384233   -0.098236638    -0.13189567  1 0 1 0 0
    -0.21799156   -0.024352847    -0.18565548    0.041566916  0 1 1 0 0
   -0.066555808   0.0019300447   -0.043690823    0.011959448  0 0 2 0 0
    -0.22128275  -0.0026370935    -0.27493209  -0.0021573071  0 0 0 1 0
    -0.19682735   0.0027931741    -0.23884293   0.0010770239  1 0 0 1 0
    0.023093485    -0.01934076   0.0040872024   -0.018888593  0 1 0 1 0
     0.02061573   0.0078993946   0.0064407269 -0.00070456578  0 0 1 1 0
   0.0019198702   0.0019017531   0.0011189788   0.0014639942  0 0 0 2 0
  2.0101607e-16  9.6188343e-16  2.6051348e-16  6.9973607e-16  0 0 0 0 1
 -1.1513929e-16 -1.0723136e-15  5.0688152e-17 -7.1049372e-16  1 0 0 0 1
  8.0110407e-18  3.5539549e-16 -6.2151161e-17  2.0181174e-16  0 1 0 0 1
  9.4558405e-17 -1.6135165e-16  1.2621482e-16 -1.1490545e-16  0 0 1 0 1
  5.1972353e-18  -6.856847e-16  1.4804941e-16 -1.3572007e-16  0 0 0 1 1
  6.5112835e-17 -2.6329033e-16   8.423011e-18 -1.3046499e-16  0 0 0 0 2


###############################################################################
###                                GEN-4                                    ###
###############################################################################
--------[ 2023-01-01 00:00:00 ] 

bb.is_mc = 1

bb.optics_order = 2


bb.preconflag = 1

bb.A_pth1 =       0.2775655
bb.B_pth1 =        0.974132
bb.C_pth1 = 0.0

bb.optics_parameters = 
   -0.015925866    0.001088701  -0.0022801425  -0.0095966822  0 0 0 0 0
     0.50666467   0.0011915452  -0.0022047149   -0.051714807  1 0 0 0 0
   -0.043286672  -0.0099265182    0.014659264   0.0084194809  2 0 0 0 0
     0.02245404  -0.0086910143      1.0192626     -0.0234616  0 1 0 0 0
    -0.34108751     0.21024402    -0.39930796     0.39515836  1 1 0 0 0
    -0.12651149    -0.29859446     0.72182245     0.81357974  0 2 0 0 0
    -0.40518038  -0.0040625749   0.0073129537     0.15807641  0 0 1 0 0
    0.068822009    0.035567731   -0.052973472    0.024409348  1 0 1 0 0
     0.17447133    -0.42117195     0.91499419    -0.19443232  0 1 1 0 0
   -0.030963674   -0.037163417     0.05667904     0.12468424  0 0 2 0 0
   -0.050855451     0.97188946     -2.6760021    0.064984119  0 0 0 1 0
     0.93370904    -0.41735873     0.71235329     -1.0422355  1 0 0 1 0
     0.53146127      1.1397639     -2.6967743     -1.8981107  0 1 0 1 0
     -0.5764836     0.81830955     -1.7788266     0.70842659  0 0 1 1 0
    -0.51685895     -1.1480333      2.6901122      1.5281798  0 0 0 2 0
  1.1910044e-15 -1.5027787e-15  3.1305463e-15 -4.7663179e-17  0 0 0 0 1
 -1.8883849e-16  1.2794758e-15 -1.6910581e-15 -7.0398713e-17  1 0 0 0 1
   8.173273e-17  4.6386681e-17  1.4709286e-17  9.1785982e-17  0 1 0 0 1
 -1.1133183e-16  4.4033152e-16 -9.8663321e-16  -2.286889e-16  0 0 1 0 1
  1.6366497e-16  1.5757495e-16 -2.3417983e-16 -1.4568391e-17  0 0 0 1 1
  9.9778564e-17  1.6023727e-16 -2.3764272e-16 -5.7795361e-17  0 0 0 0 2


# NOTE: the following forward optics model was calculated from the same simulation that produced the backward optics model above:
bb.forwardoptics_order = 2

bb.forwardoptics_parameters =
      0.1716957  0.00037988147     0.17429786  0.00048397062  0 0 0 0 0
      2.7887949  -0.0019905404     0.99751279  -0.0013747413  1 0 0 0 0
     0.36738425    0.019387642    0.046108697    0.014441841  2 0 0 0 0
  -0.0072934396      2.7968579  -0.0086427543      1.0878703  0 1 0 0 0
   -0.020785664    0.058115166  -0.0097851263    -0.11611644  1 1 0 0 0
    -0.34414251    0.042330043    -0.19345837      0.1807753  0 2 0 0 0
  -0.0020207149      1.0140098  -0.0041126804       0.037151  0 0 1 0 0
       1.374037    -0.23958661   -0.060817176    -0.16215938  1 0 1 0 0
     -0.1301289    0.021098939    -0.14784454     0.20212884  0 1 1 0 0
   -0.019477806   0.0069600184   -0.036196057    0.059008325  0 0 2 0 0
    -0.22072897  -0.0028711802    -0.27521791  -0.0037996581  0 0 0 1 0
    -0.20423418   0.0050848461    -0.24953081   0.0030371534  1 0 0 1 0
    0.013721529   -0.072940068    0.021337599   -0.076625533  0 1 0 1 0
   0.0059314806    -0.02313587    0.008861383   -0.038045009  0 0 1 1 0
   0.0015251925   0.0019351507   0.0012103359   0.0025909791  0 0 0 2 0
  2.7887732e-14  2.4988874e-14  5.9670214e-15  1.1879601e-14  0 0 0 0 1
 -6.6274953e-16 -9.7477167e-16 -1.3593335e-16  -5.537307e-16  1 0 0 0 1
 -1.0427577e-16 -2.9229814e-17  -2.613163e-17   5.992262e-17  0 1 0 0 1
 -2.2234563e-16 -2.5840005e-16 -3.6368928e-17 -1.2140469e-16  0 0 1 0 1
  2.0118668e-14  2.3523648e-14  4.8879926e-15  7.1365897e-15  0 0 0 1 1
 -7.5000283e-17  4.4027986e-17 -1.6348413e-17  7.9885095e-17  0 0 0 0 2


---------[ 2023-12-31 00:00:00 ] # start GEN-RP

# the following optics came from simulation:

bb.preconflag = 1

bb.A_pth1 =       0.2775655
bb.B_pth1 =         0.93602
bb.C_pth1 = 0.0

bb.optics_order = 2

bb.optics_parameters =
   -0.017093122  0.00013669289 -0.00026716466  -0.0091404224  0 0 0 0 0
     0.52787668   0.0011979984  -0.0025167207   -0.050854194  1 0 0 0 0
   -0.043886806   0.0015435144  -0.0037217051   0.0045873957  2 0 0 0 0
      0.0134391   -0.033980363      1.0691331  -0.0062395584  0 1 0 0 0
    -0.32999594    0.082724431    -0.10479401     0.34905165  1 1 0 0 0
   0.0084024758   0.0087708513   -0.015502512     0.44288785  0 2 0 0 0
    -0.42185557  -0.0020033836   0.0038942503     0.15018826  0 0 1 0 0
    0.058035828   -0.003147156   0.0065310859    0.055636803  1 0 1 0 0
     0.25826697   -0.091010653     0.17961255    -0.29894162  0 1 1 0 0
   -0.010173329 -0.00028930794   0.0039762504    0.089169757  0 0 2 0 0
    -0.03232693      1.0013201     -2.6575798     0.02790429  0 0 0 1 0
     0.82570667    -0.21387277     0.23428603    -0.85519686  1 0 0 1 0
   0.0013918758   -0.056319811     0.12559268    -0.30240223  0 1 0 1 0
    -0.66174902     0.33515466    -0.62618824      0.7608523  0 0 1 1 0
    0.058284612    0.080192266    -0.20368998    -0.29495728  0 0 0 2 0
  4.7945402e-15 -4.8104375e-17  3.0957161e-16  1.0404945e-16  0 0 0 0 1
   2.675207e-16  8.1455387e-17 -2.8518809e-17  6.1444596e-17  1 0 0 0 1
  2.3501977e-16 -6.0662964e-17  9.5765391e-17 -2.2352775e-16  0 1 0 0 1
  6.9907979e-17  1.5692285e-16  5.2089024e-17 -1.0359009e-16  0 0 1 0 1
 -1.7970811e-16 -7.7398411e-17  7.9166338e-18  2.9142471e-17  0 0 0 1 1
  1.8773094e-16 -2.6885084e-17  4.2139145e-17 -6.5964416e-17  0 0 0 0 2

