#HCal position offsets obtained 6_13_2023
sbs.hcal.ypos =
-0.825  -0.675  -0.525  -0.375  -0.225  -0.075  0.075  0.225  0.375  0.525  0.675  0.825  
-0.825  -0.675  -0.525  -0.375  -0.225  -0.075  0.075  0.225  0.375  0.525  0.675  0.825  
-0.825  -0.675  -0.525  -0.375  -0.225  -0.075  0.075  0.225  0.375  0.525  0.675  0.825  
-0.825  -0.675  -0.525  -0.375  -0.225  -0.075  0.075  0.225  0.375  0.525  0.675  0.825  
-0.825  -0.675  -0.525  -0.375  -0.225  -0.075  0.075  0.225  0.375  0.525  0.675  0.825  
-0.825  -0.675  -0.525  -0.375  -0.225  -0.075  0.075  0.225  0.375  0.525  0.675  0.825  
-0.825  -0.675  -0.525  -0.375  -0.225  -0.075  0.075  0.225  0.375  0.525  0.675  0.825  
-0.825  -0.675  -0.525  -0.375  -0.225  -0.075  0.075  0.225  0.375  0.525  0.675  0.825  
-0.825  -0.675  -0.525  -0.375  -0.225  -0.075  0.075  0.225  0.375  0.525  0.675  0.825  
-0.825  -0.675  -0.525  -0.375  -0.225  -0.075  0.075  0.225  0.375  0.525  0.675  0.825  
-0.825  -0.675  -0.525  -0.375  -0.225  -0.075  0.075  0.225  0.375  0.525  0.675  0.825  
-0.825  -0.675  -0.525  -0.375  -0.225  -0.075  0.075  0.225  0.375  0.525  0.675  0.825  
-0.825  -0.675  -0.525  -0.375  -0.225  -0.075  0.075  0.225  0.375  0.525  0.675  0.825  
-0.825  -0.675  -0.525  -0.375  -0.225  -0.075  0.075  0.225  0.375  0.525  0.675  0.825  
-0.825  -0.675  -0.525  -0.375  -0.225  -0.075  0.075  0.225  0.375  0.525  0.675  0.825  
-0.825  -0.675  -0.525  -0.375  -0.225  -0.075  0.075  0.225  0.375  0.525  0.675  0.825  
-0.825  -0.675  -0.525  -0.375  -0.225  -0.075  0.075  0.225  0.375  0.525  0.675  0.825  
-0.825  -0.675  -0.525  -0.375  -0.225  -0.075  0.075  0.225  0.375  0.525  0.675  0.825  
-0.825  -0.675  -0.525  -0.375  -0.225  -0.075  0.075  0.225  0.375  0.525  0.675  0.825  
-0.825  -0.675  -0.525  -0.375  -0.225  -0.075  0.075  0.225  0.375  0.525  0.675  0.825  
-0.825  -0.675  -0.525  -0.375  -0.225  -0.075  0.075  0.225  0.375  0.525  0.675  0.825  
-0.825  -0.675  -0.525  -0.375  -0.225  -0.075  0.075  0.225  0.375  0.525  0.675  0.825  
-0.825  -0.675  -0.525  -0.375  -0.225  -0.075  0.075  0.225  0.375  0.525  0.675  0.825  
-0.825  -0.675  -0.525  -0.375  -0.225  -0.075  0.075  0.225  0.375  0.525  0.675  0.825  

sbs.hcal.xpos =
-2.475  -2.475  -2.475  -2.475  -2.475  -2.475  -2.475  -2.475  -2.475  -2.475  -2.475  -2.475  
-2.325  -2.325  -2.325  -2.325  -2.325  -2.325  -2.325  -2.325  -2.325  -2.325  -2.325  -2.325  
-2.175  -2.175  -2.175  -2.175  -2.175  -2.175  -2.175  -2.175  -2.175  -2.175  -2.175  -2.175  
-2.025  -2.025  -2.025  -2.025  -2.025  -2.025  -2.025  -2.025  -2.025  -2.025  -2.025  -2.025  
-1.875  -1.875  -1.875  -1.875  -1.875  -1.875  -1.875  -1.875  -1.875  -1.875  -1.875  -1.875  
-1.725  -1.725  -1.725  -1.725  -1.725  -1.725  -1.725  -1.725  -1.725  -1.725  -1.725  -1.725  
-1.575  -1.575  -1.575  -1.575  -1.575  -1.575  -1.575  -1.575  -1.575  -1.575  -1.575  -1.575  
-1.425  -1.425  -1.425  -1.425  -1.425  -1.425  -1.425  -1.425  -1.425  -1.425  -1.425  -1.425  
-1.275  -1.275  -1.275  -1.275  -1.275  -1.275  -1.275  -1.275  -1.275  -1.275  -1.275  -1.275  
-1.125  -1.125  -1.125  -1.125  -1.125  -1.125  -1.125  -1.125  -1.125  -1.125  -1.125  -1.125  
-0.975  -0.975  -0.975  -0.975  -0.975  -0.975  -0.975  -0.975  -0.975  -0.975  -0.975  -0.975  
-0.825  -0.825  -0.825  -0.825  -0.825  -0.825  -0.825  -0.825  -0.825  -0.825  -0.825  -0.825  
-0.675  -0.675  -0.675  -0.675  -0.675  -0.675  -0.675  -0.675  -0.675  -0.675  -0.675  -0.675  
-0.525  -0.525  -0.525  -0.525  -0.525  -0.525  -0.525  -0.525  -0.525  -0.525  -0.525  -0.525  
-0.375  -0.375  -0.375  -0.375  -0.375  -0.375  -0.375  -0.375  -0.375  -0.375  -0.375  -0.375  
-0.225  -0.225  -0.225  -0.225  -0.225  -0.225  -0.225  -0.225  -0.225  -0.225  -0.225  -0.225  
-0.075  -0.075  -0.075  -0.075  -0.075  -0.075  -0.075  -0.075  -0.075  -0.075  -0.075  -0.075  
0.075  0.075  0.075  0.075  0.075  0.075  0.075  0.075  0.075  0.075  0.075  0.075  
0.225  0.225  0.225  0.225  0.225  0.225  0.225  0.225  0.225  0.225  0.225  0.225  
0.375  0.375  0.375  0.375  0.375  0.375  0.375  0.375  0.375  0.375  0.375  0.375  
0.525  0.525  0.525  0.525  0.525  0.525  0.525  0.525  0.525  0.525  0.525  0.525  
0.675  0.675  0.675  0.675  0.675  0.675  0.675  0.675  0.675  0.675  0.675  0.675  
0.825  0.825  0.825  0.825  0.825  0.825  0.825  0.825  0.825  0.825  0.825  0.825  
0.975  0.975  0.975  0.975  0.975  0.975  0.975  0.975  0.975  0.975  0.975  0.975  
