### Detector map, format:
## crate slot start_channel end_channel refindex
# crate slot ch_min ch_max
bb.hodotdc.detmap = 
  5     2     0    127     0 ## 127 channels (Left  PMTs) with reference index
  5     3     0    127     1 ## 127 channels (Right PMTs) with reference index

bb.hodotdc.chanmap = 
	 0   1   2   3   4   5   6   7   8   9  10  11  12  13  14     15  
      	 16 17  18  19  20  21  22  23  24  25  26  27  28  29  30     31 
	 32 33  34  35  36  37  38  39  40  41  42  43  44  45  46     47 
	 48 49  50  51  52  53  54  55  56  57  58  59  60  61  62     63 
	 64 65  66  67  68  69  70  71  72  73  74  75  76  77  78     79 
	 80 81  82  83  84  85  86  87  88  89  -1  -1  -1  -1  -1     -1 
         -1 -1  -1  -1  -1  -1  -1  -1  -1  -1  -1  -1  -1  -1  -1     -1 
         -1  -1 -1  -1  -1  -1  -1  -1  -1  -1  -1  -1  -1  -1  -1  -1000 
	 90  91  92  93  94  95  96  97  98  99 100 101 102 103 104   105 
	106 107 108 109 110 111 112 113 114 115 116 117 118 119 120   121 
	122 123 124 125 126 127 128 129 130 131 132 133 134 135 136   137 
	138 139 140 141 142 143 144 145 146 147 148 149 150 151 152   153
	154 155 156 157 158 159 160 161 162 163 164 165 166 167 168   169
	170 171 172 173 174 175 176 177 178 179  -1  -1  -1  -1  -1    -1 
         -1  -1  -1  -1  -1  -1  -1  -1  -1  -1  -1  -1  -1  -1  -1    -1 
         -1  -1  -1  -1  -1  -1  -1  -1  -1  -1  -1  -1  -1  -1  -1 -1000

	 
#setting *very loose* cuts before we are informed on what those values shall be.
bb.hodotdc.tdcwindowmin = -102
bb.hodotdc.tdcwindowmax = -62
bb.hodotdc.tdctotmin = 7

bb.hodotdc.horizposbarcut = 0.3
#bb.hodotdc.timeref = -80.0
#bb.hodotdc.timebarcut = 30.0 

bb.hodotdc.maxclussize = 5
bb.hodotdc.maxyposdiff_clus = 0.05
bb.hodotdc.maxtimediff_clus = 10.0

bb.hodotdc.trackmatchcutX = 0.05

## Positions in [m] where +z is roated by bb.theta
##
## surface of hodoscope from 1st GEM: (90.88-17.87)"x 0.0254 m = 1.854454 cm 
bb.hodotdc.position = 0 0 1.854454 

# this is actually vertical position (X in transport coordinates): 
bb.hodotdc.ypos = 
1.08455 1.05955 1.03455 1.00955 0.98455 
0.95955 0.93455 0.90955 0.88455 0.85955 
0.83455 0.80955 0.78455 0.75955 0.73455 
0.70955 0.68455 0.65955 0.63455 0.60955 
0.58455 0.55955 0.53455 0.50955 0.48455 
0.45955 0.43455 0.40955 0.38455 0.35955 
0.33455 0.30955 0.28455 0.25955 0.23455 
0.20955 0.18455 0.15955 0.13455 0.10955 
0.08455 0.05955 0.03455 0.00955 -0.01545 
-0.04045 -0.06545 -0.09045 -0.11545 -0.14045 
-0.16545 -0.19045 -0.21545 -0.24045 -0.26545 
-0.29045 -0.31545 -0.34045 -0.36545 -0.39045 
-0.41545 -0.44045 -0.46545 -0.49045 -0.51545 
-0.54045 -0.56545 -0.59045 -0.61545 -0.64045 
-0.66545 -0.69045 -0.71545 -0.74045 -0.76545 
-0.79045 -0.81545 -0.84045 -0.86545 -0.89045 
-0.91545 -0.94045 -0.96545 -0.99045 -1.01545 
-1.04045 -1.06545 -1.09045 -1.11545 -1.14045 
1.08455 1.05955 1.03455 1.00955 0.98455 
0.95955 0.93455 0.90955 0.88455 0.85955 
0.83455 0.80955 0.78455 0.75955 0.73455 
0.70955 0.68455 0.65955 0.63455 0.60955 
0.58455 0.55955 0.53455 0.50955 0.48455 
0.45955 0.43455 0.40955 0.38455 0.35955 
0.33455 0.30955 0.28455 0.25955 0.23455 
0.20955 0.18455 0.15955 0.13455 0.10955 
0.08455 0.05955 0.03455 0.00955 -0.01545 
-0.04045 -0.06545 -0.09045 -0.11545 -0.14045 
-0.16545 -0.19045 -0.21545 -0.24045 -0.26545 
-0.29045 -0.31545 -0.34045 -0.36545 -0.39045 
-0.41545 -0.44045 -0.46545 -0.49045 -0.51545 
-0.54045 -0.56545 -0.59045 -0.61545 -0.64045 
-0.66545 -0.69045 -0.71545 -0.74045 -0.76545 
-0.79045 -0.81545 -0.84045 -0.86545 -0.89045 
-0.91545 -0.94045 -0.96545 -0.99045 -1.01545 
-1.04045 -1.06545 -1.09045 -1.11545 -1.14045 

## Size
#bb.hodotdc.size   =  0.595 2.295 0.37 # in meters
bb.hodotdc.size   =  0.600 0.025 0.025 # in meters

## Number of rows and columns
#bb.hodotdc.ncols =  2
#bb.hodotdc.nrows = 90
# swapping this from intuitve 90 rows of 2 columns
# generic detector loops row top, then column
#our tdc is all 90 left pmt in first module, all 90 in 2nd module for right 
bb.hodotdc.ncols =  90
bb.hodotdc.nrows = 2

## Position of first module
bb.hodotdc.xyz    = -1.105  -0.255  0.000
## Space between modules
#bb.hodotdc.dxdydz =  10.000  10.000  0.000
#need to check this
bb.hodotdc.dxdydz =  0.010  0.010  0.000

bb.hodotdc.reftdc.GoodTimeCut = 508.0
bb.hodotdc.reftdc.offset = 0.0
bb.hodotdc.reftdc.calib = 0.0936 #time res per v1190 channel

bb.hodotdc.tdc.GoodTimeCut = -75.0
bb.hodotdc.tdc.calib = 0.0936 #time res per v1190 channel
bb.hodotdc.tdc.offset = 
-111.672	
-61.9543	
-70.2671	
-74.9864	
-67.2693	
-95.1472	
-99.8958	
-120.652	
-96.753	
-91.9612	
-69.8171	
-87.4422	
-85.8142	
-119.36	
-82.4213	
-84.2154	
-74.783	
-4.06055	
-30.2828	
-62.4869	
-6.56847	
-34.7504	
-53.6987	
-89.3714	
-56.8602	
-51.3089	
-28.3996	
-35.0323	
-35.7069	
-79.2671	
-47.0215	
-37.3346	
-38.1315	
31.5109	
5.70632	
-18.6186	
-15.7844	
11.5342	
3.15824	
-64.5989	
-3.57497	
-8.39885	
-14.6134	
0.0938281	
-4.90259	
-51.4263	
3.40987	
0.271044	
-12.1481	
58.1291	
-12.4507	
-14.5335	
23.2648	
-6.75625	
-10.4675	
-21.6708	
12.0488	
1.55225	
12.2889	
29.5963	
-15.3884	
-43.6604	
2.04922	
14.6482	
-41.3904	
42.514	
-4.93761	
-18.3618	
-16.9073	
-39.7293	
-15.1801	
-37.9521	
-24.1784	
-40.8609	
-29.4967	
-29.0219	
-40.3596	
-50.7323	
-8.12601	
-21.732	
-104.177	
-34.6713	
-56.5686	
-121.221	
-85.3413	
-85.499	
-65.8773	
-121.446	
-84.5123	
876.068	
-105.242	
-57.4314	
-115.137	
-96.5883	
-96.3582	
-144.682	
-105.776	
-125.585	
-103.21	
-93.6574	
-89.6496	
-68.9469	
-95.9918	
-123.636	
-91.8583	
-72.9132	
-101.37	
-32.6069	
-75.5951	
-66.3743	
-67.9044	
-86.1265	
-93.4407	
-119.338	
-108.885	
-98.6826	
-101.445	
-102.916	
-117.784	
-136.338	
-90.3769	
-94.2099	
-151.249	
-38.8846	
-68.2063	
-106.418	
-77.7469	
-72.4433	
-79.7471	
-127.929	
-95.1556	
-115.449	
-86.5085	
-81.1988	
-84.5786	
-121.658	
-77.4985	
-69.8958	
-128.531	
-24.8408	
-99.474	
-106.685	
-68.0557	
-120.216	
-81.5893	
-108.672	
-107.059	
-91.7004	
-78.074	
-78.4904	
-94.7471	
-113.462	
-80.2976	
-87.6119	
-163.567	
-103.774	
-156.669	
-148.742	
-121.662	
-189.948	
-165.612	
-198.656	
-190.441	
-177.46	
-176.514	
-174.519	
-143.926	
-219.317	
-159.117	
-152.227	
-269.195	
-206.082	
-242.849	
-290.027	
-275.429	
-289.597	
-261.104	
-309.221	
-258.594	
876.068	
	


bb.hodotdc.tdcbaroffset = 0
#this is not really relevant for tdc but include to be consistent with adc db. This allows to cycle through the bars with subsections of the readout at a time. it is optional and currently not implemented for tdc in sbstiminghodoscope.cxx

# this timewalk0 map is ordered as follows: first 90 elements are left pmt time walk parameters, 2nd 90 elements are the right pmt time walk parameters, numberring from bottom of stack to top

bb.hodotdc.timewalk0map = 
0.0 0.0 0.0 0.0 0.0 0.0 0.0 0.0
0.0 0.0 0.0 0.0 0.0 0.0 0.0 0.0
0.0 0.0 0.0 0.0 0.0 0.0 0.0 0.0
0.0 0.0 0.0 0.0 0.0 0.0 0.0 0.0
0.0 0.0 0.0 0.0 0.0 0.0 0.0 0.0
0.0 0.0 0.0 0.0 0.0 0.0 0.0 0.0
0.0 0.0 0.0 0.0 0.0 0.0 0.0 0.0
0.0 0.0 0.0 0.0 0.0 0.0 0.0 0.0
0.0 0.0 0.0 0.0 0.0 0.0 0.0 0.0
0.0 0.0 0.0 0.0 0.0 0.0 0.0 0.0
0.0 0.0 0.0 0.0 0.0 0.0 0.0 0.0
0.0 0.0 0.0 0.0 0.0 0.0 0.0 0.0
0.0 0.0 0.0 0.0 0.0 0.0 0.0 0.0
0.0 0.0 0.0 0.0 0.0 0.0 0.0 0.0
0.0 0.0 0.0 0.0 0.0 0.0 0.0 0.0
0.0 0.0 0.0 0.0 0.0 0.0 0.0 0.0
0.0 0.0 0.0 0.0 0.0 0.0 0.0 0.0
0.0 0.0 0.0 0.0 0.0 0.0 0.0 0.0
0.0 0.0 0.0 0.0 0.0 0.0 0.0 0.0
0.0 0.0 0.0 0.0 0.0 0.0 0.0 0.0
0.0 0.0 0.0 0.0 0.0 0.0 0.0 0.0
0.0 0.0 0.0 0.0 0.0 0.0 0.0 0.0
0.0 0.0 0.0 0.0
	
bb.hodotdc.timewalk1map = 
0.0 0.0 0.0 0.0 0.0 0.0 0.0 0.0
0.0 0.0 0.0 0.0 0.0 0.0 0.0 0.0
0.0 0.0 0.0 0.0 0.0 0.0 0.0 0.0
0.0 0.0 0.0 0.0 0.0 0.0 0.0 0.0
0.0 0.0 0.0 0.0 0.0 0.0 0.0 0.0
0.0 0.0 0.0 0.0 0.0 0.0 0.0 0.0
0.0 0.0 0.0 0.0 0.0 0.0 0.0 0.0
0.0 0.0 0.0 0.0 0.0 0.0 0.0 0.0
0.0 0.0 0.0 0.0 0.0 0.0 0.0 0.0
0.0 0.0 0.0 0.0 0.0 0.0 0.0 0.0
0.0 0.0 0.0 0.0 0.0 0.0 0.0 0.0
0.0 0.0 0.0 0.0 0.0 0.0 0.0 0.0
0.0 0.0 0.0 0.0 0.0 0.0 0.0 0.0
0.0 0.0 0.0 0.0 0.0 0.0 0.0 0.0
0.0 0.0 0.0 0.0 0.0 0.0 0.0 0.0
0.0 0.0 0.0 0.0 0.0 0.0 0.0 0.0
0.0 0.0 0.0 0.0 0.0 0.0 0.0 0.0
0.0 0.0 0.0 0.0 0.0 0.0 0.0 0.0
0.0 0.0 0.0 0.0 0.0 0.0 0.0 0.0
0.0 0.0 0.0 0.0 0.0 0.0 0.0 0.0
0.0 0.0 0.0 0.0 0.0 0.0 0.0 0.0
0.0 0.0 0.0 0.0 0.0 0.0 0.0 0.0
0.0 0.0 0.0 0.0

bb.hodotdc.vscint = 
0.199158
0.118181
0.153826
0.137981
0.134388
0.128613
0.144918
0.134695
0.135546
0.133724
0.133406
0.131141
0.129601
0.132277
0.139239
0.12853	
0.137878
0.13333	
0.13722	
0.134416
0.132888
0.13261	
0.134431
0.138067
0.130375
0.135586
0.138235
0.1355	
0.136402
0.137406
0.135909
0.139782
0.142452
0.130937
0.138148
0.125848
0.134568
0.133093
0.135661
0.133223
0.135179
0.135829
0.134962
0.13707	
0.136897
0.139424
0.137897
0.129625
0.128079
0.134341
0.133821
0.133841
0.13705	
0.133967
0.134381
0.129954
0.133402
0.136319
0.138852
0.134218
0.13123	
0.138221
0.13526	
0.134232
0.137418
0.143208
0.136552
0.136713
0.134986
0.133689
0.133469
0.122721
0.134985
0.129732
0.133046
0.131318
0.118726
0.134287
0.13242	
0.128991
0.137563
0.126637
0.137842
0.134234
0.128098
0.130804
0.134806
0.150123
0.150123
0.150123

bb.hodotdc.tdiffoffset = 
-1.10957	
-1.77307	
-1.57934	
-2.07003	
-1.12963	
-1.01654	
-1.11098	
-1.69605	
-0.948292	
-0.622347	
-0.384289	
-1.11995	
-1.744		
-1.31239	
-1.1313		
-1.193		
-0.827575	
-1.50108	
-0.739853	
-1.11225	
-1.45352	
-1.04067	
-0.714372	
-0.491928	
-1.04832	
-0.825134	
-1.40418	
-1.36075	
-1.62626	
-1.91465	
-1.57218	
-1.5637		
-1.45062	
-1.03515	
-1.13999	
-1.50079	
-1.11745	
-1.51575	
-1.5334		
-1.61356	
-1.08967	
-1.46006	
-1.39392	
-1.66315	
-1.47839	
-1.17156	
-1.57855	
-1.48854	
-1.71538	
-1.49093	
-1.92105	
-1.32467	
-1.53462	
-1.77596	
-1.16408	
-1.63776	
-1.63935	
-1.46233	
-1.54488	
-2.0267		
-1.99509	
-1.53396	
-1.1346		
-1.63894	
-1.74032	
-1.33714	
-1.55324	
-1.27766	
-1.49375	
-1.2424		
-1.31481	
-1.55276	
-1.09499	
-1.5212		
-0.884349	
-1.02151	
-1.56067	
-1.36656	
-0.698443	
-0.0504791	
-0.0694235	
-0.215085	
0.36043		
-0.0738087	
0.0882243	
0.0328774	
-0.564863	
-0.576222	
-0.576222	
-0.576222	

