## Detector map, format:
## crate slot start_channel end_channel
bb.sh.detmap = ##
#  6     20    2     2  -1 
  6     6     4     15 0 #      0
  6     7     0     15 0 #      0
  6     8     0     15 0 #      0
  6     9     0     15 0 #      0
  6     10     0     15 0 #      0
  6     13     0     15 0 #      0
  6     14     0     15 0 #      0
  6     15     0     15 0 #      0
  6     16     0     15 0 #      0
  6     17     0     15 0 #      0
  6     18     0     15 0 #      0
  6     19     0     15 0 #      0
  6     20     0     1  0 #      0

## Optional channel map
bb.sh.chanmap =  0 1  2  3  4  5  6  7  
                 8  9 10 11 12 13 14  
                15 16 17 18 19 20 21  
                22 23 24 25 26 27 28  
                29 30 31 32 33 34 35  
                36 37 38 39 40 41 42 
                43 44 45 46 47 48 49  
                50 51 52 53 54 55 56  
		57 58 59 60 61 62 63  
		64 65 66 67 68 69 70  
		71 72 73 74 75 76 77  
		78 79 80 81 82 83 84  
		85 86 87 88 89 90 91  
		92 93 94 95 96 97 98  
		99 100 101 102 103 104 105  
		106 107 108 109 110 111 112  
		113 114 115 116 117 118 119  
		120 121 122 123 124 125 126  
		127 128 129 130 131 132 133  
		134 135 136 137 138 139 140  
		141 142 143 144 145 146 147  
		148 149 150 151 152 153 154  
		155 156 157 158 159 160 161  
		162 163 164 165 166 167 168  
		169 170 171 172 173 174 175  
		176 177 178 179 180 181 182  		        
		183 184 185 186 187 188 -1
 
## adc channels to mV assume F250 set fot 2V for 4096
bb.sh.adc.conv = 0.4882
# Threshold for pulse finding in waveform (mV)
bb.sh.adc.thres = 4.
# Number of bins (bin=4ns) at the beginning of waveform used to determing average Pedestal
bb.sh.adc.NPedBin = 4
# Number of bins (bin=4ns) before Threshold Bin to use in integrating pulse
bb.sh.adc.NSB = 3
# Number of bins (bin=4ns) before Threshold Bin to use in integrating pulse
bb.sh.adc.NSA = 10
# Number of bin for fixed Threshold if no Threshold Crossing is found
bb.sh.adc.FixThresBin = 14
# Convert adc integral in pC to GeV
bb.sh.adc.gain = 1.0

## Positions in [m] where +z is roated by bb.theta
## BB SH front: 1.89215 m + most probable shower depth 0.065 cm 
bb.sh.position = 0 0 1.95715

bb.sh.xpos = 
1.1115 1.1115 1.1115 1.1115 1.1115 1.1115 1.1115 
1.026 1.026 1.026 1.026 1.026 1.026 1.026 
0.9405 0.9405 0.9405 0.9405 0.9405 0.9405 0.9405 
0.855 0.855 0.855 0.855 0.855 0.855 0.855 
0.7695 0.7695 0.7695 0.7695 0.7695 0.7695 0.7695 
0.684 0.684 0.684 0.684 0.684 0.684 0.684 
0.5985 0.5985 0.5985 0.5985 0.5985 0.5985 0.5985 
0.513 0.513 0.513 0.513 0.513 0.513 0.513 
0.4275 0.4275 0.4275 0.4275 0.4275 0.4275 0.4275 
0.342 0.342 0.342 0.342 0.342 0.342 0.342 
0.2565 0.2565 0.2565 0.2565 0.2565 0.2565 0.2565 
0.171 0.171 0.171 0.171 0.171 0.171 0.171 
0.0855 0.0855 0.0855 0.0855 0.0855 0.0855 0.0855 
0.00 0.00 0.00 0.00 0.00 0.00 0.00 
-0.0855 -0.0855 -0.0855 -0.0855 -0.0855 -0.0855 -0.0855 
-0.171 -0.171 -0.171 -0.171 -0.171 -0.171 -0.171 
-0.2565 -0.2565 -0.2565 -0.2565 -0.2565 -0.2565 -0.2565 
-0.342 -0.342 -0.342 -0.342 -0.342 -0.342 -0.342 
-0.4275 -0.4275 -0.4275 -0.4275 -0.4275 -0.4275 -0.4275 
-0.513 -0.513 -0.513 -0.513 -0.513 -0.513 -0.513 
-0.5985 -0.5985 -0.5985 -0.5985 -0.5985 -0.5985 -0.5985 
-0.684 -0.684 -0.684 -0.684 -0.684 -0.684 -0.684 
-0.7695 -0.7695 -0.7695 -0.7695 -0.7695 -0.7695 -0.7695 
-0.855 -0.855 -0.855 -0.855 -0.855 -0.855 -0.855 
-0.9405 -0.9405 -0.9405 -0.9405 -0.9405 -0.9405 -0.9405 
-1.026 -1.026 -1.026 -1.026 -1.026 -1.026 -1.026 
-1.1115 -1.1115 -1.1115 -1.1115 -1.1115 -1.1115 -1.1115 

bb.sh.ypos = 
-0.2565 -0.171 -0.0855 0 0.0855 0.171 0.2565 
-0.2565 -0.171 -0.0855 0 0.0855 0.171 0.2565 
-0.2565 -0.171 -0.0855 0 0.0855 0.171 0.2565 
-0.2565 -0.171 -0.0855 0 0.0855 0.171 0.2565 
-0.2565 -0.171 -0.0855 0 0.0855 0.171 0.2565 
-0.2565 -0.171 -0.0855 0 0.0855 0.171 0.2565 
-0.2565 -0.171 -0.0855 0 0.0855 0.171 0.2565 
-0.2565 -0.171 -0.0855 0 0.0855 0.171 0.2565 
-0.2565 -0.171 -0.0855 0 0.0855 0.171 0.2565 
-0.2565 -0.171 -0.0855 0 0.0855 0.171 0.2565 
-0.2565 -0.171 -0.0855 0 0.0855 0.171 0.2565 
-0.2565 -0.171 -0.0855 0 0.0855 0.171 0.2565 
-0.2565 -0.171 -0.0855 0 0.0855 0.171 0.2565 
-0.2565 -0.171 -0.0855 0 0.0855 0.171 0.2565 
-0.2565 -0.171 -0.0855 0 0.0855 0.171 0.2565 
-0.2565 -0.171 -0.0855 0 0.0855 0.171 0.2565 
-0.2565 -0.171 -0.0855 0 0.0855 0.171 0.2565 
-0.2565 -0.171 -0.0855 0 0.0855 0.171 0.2565 
-0.2565 -0.171 -0.0855 0 0.0855 0.171 0.2565 
-0.2565 -0.171 -0.0855 0 0.0855 0.171 0.2565 
-0.2565 -0.171 -0.0855 0 0.0855 0.171 0.2565 
-0.2565 -0.171 -0.0855 0 0.0855 0.171 0.2565 
-0.2565 -0.171 -0.0855 0 0.0855 0.171 0.2565 
-0.2565 -0.171 -0.0855 0 0.0855 0.171 0.2565 
-0.2565 -0.171 -0.0855 0 0.0855 0.171 0.2565 
-0.2565 -0.171 -0.0855 0 0.0855 0.171 0.2565 
-0.2565 -0.171 -0.0855 0 0.0855 0.171 0.2565 

## emin
bb.sh.emin= 0.1

## Size
bb.sh.size   =  0.595 2.295 0.37 # in meters

## Number of rows and columns
bb.sh.ncols =  7
bb.sh.nrows = 27

## Position of first module
bb.sh.xyz    =   1.105 0.255  0.000
## Space between modules
bb.sh.dxdydz =   0.085  .085  0.000

## Ratio of the signal amplitude at the input of 
## Discriminator to the signal amplitude at FADC
bb.sh.trigtoFADCratio = 0.99 1.01 0.97 1.00 0.97 0.99 0.97
		        1.01 1.02 0.99 1.05 1.03 0.99 1.03
			1.04 1.01 1.00 1.04 1.00 1.00 1.01
			1.05 1.07 1.03 1.08 1.07 1.08 1.08
			0.94 0.98 0.96 0.98 0.95 0.98 0.98
			1.02 1.06 1.06 1.07 1.05 1.05 1.06
			1.34 1.37 1.32 1.37 1.33 1.31 1.33
			1.34 1.41 1.38 1.44 1.40 1.42 1.43
			0.98 1.01 0.96 1.03 0.96 0.96 0.97
			0.99 1.02 1.03 1.02 1.03 1.05 1.05
			1.00 1.00 0.99 1.00 0.98 0.98 0.99
			1.00 1.02 1.01 1.03 1.01 1.02 1.03
			0.99 1.00 0.97 0.99 0.97 0.99 0.97
			1.00 1.03 1.00 1.05 1.05 1.01 1.04
			0.97 1.00 0.94 1.01 0.95 0.96 0.95
			0.99 1.05 1.03 1.06 1.04 1.04 1.06
			1.00 1.01 1.04 0.98 0.96 0.96 0.97
			1.02 1.04 1.03 1.07 1.05 1.06 1.05
			1.00 1.00 1.00 1.03 0.98 1.00 0.97
			0.98 1.03 1.06 1.01 1.02 1.04 1.09
			1.01 1.02 0.99 1.04 0.97 0.99 1.00
			1.02 1.02 1.07 1.08 1.03 1.05 1.09
			1.02 1.06 0.90 1.05 1.01 0.99 1.01
			1.04 1.09 1.07 1.10 1.07 1.07 1.12
			1.03 1.04 1.02 1.04 1.02 1.00 0.99
			1.03 1.03 1.06 1.04 1.10 1.09 1.11
			1.06 1.09 1.09 1.11 1.11 1.23 1.22

## Gain factor for energy calibration using cosmic: GeV/pC 
## Asuming trigger amplitudes are aligned to 10mV
bb.sh.adc.gain = 
0.0111717
0.0114321
0.0113955
0.0120209
0.0118747
0.0119572
0.0112253
0.0115582
0.0116268
0.0112663
0.0113119
0.0112927
0.0116802
0.0111359
0.0115447
0.0110843
0.0121711
0.0121717
0.0119404
0.0123943
0.0118409
0.0111872
0.012173
0.010934
0.0120343
0.0106657
0.010441
0.0113848
0.0117486
0.0117362
0.0111141
0.0116825
0.0115798
0.0111547
0.0117099
0.0114372
0.0114478
0.0111845
0.0116195
0.0118886
0.0112613
0.0114695
0.0123956
0.0123286
0.0122816
0.0118723
0.0125801
0.0121777
0.0123952
0.0113685
0.012367
0.0124361
0.0113585
0.0122129
0.012682
0.0117745
0.0112211
0.0118925
0.0111349
0.0117629
0.0119786
0.0111719
0.0117524
0.0117899
0.011396
0.0114739
0.0113275
0.0112637
0.0111781
0.0113758
0.0119296
0.011881
0.0119061
0.0116612
0.0115458
0.0117067
0.0111971
0.0113245
0.0119396
0.0113906
0.0119134
0.0122906
0.0118249
0.0118367
0.0114281
0.0120181
0.0116446
0.0115988
0.0113438
0.0112769
0.0111131
0.0112929
0.0109679
0.0116034
0.0114412
0.0115052
0.012219
0.011506
0.0117695
0.011405
0.0113218
0.0115207
0.011735
0.0119441
0.0118135
0.0116622
0.0116023
0.0113516
0.0120688
0.011416
0.0116459
0.0110259
0.0110901
0.0116924
0.0125863
0.0114134
0.0113338
0.0120131
0.0113227
0.0119797
0.0115969
0.0119168
0.0110683
0.0119984
0.0117085
0.0120514
0.0111572
0.0121459
0.0112402
0.0118014
0.0118981
0.0122362
0.0117038
0.0115946
0.0113786
0.0118504
0.0115426
0.0116312
0.0115244
0.0114731
0.0112759
0.0114565
0.0120049
0.0113731
0.0125219
0.0113885
0.011452
0.0113681
0.0114829
0.0115475
0.0113357
0.0113435
0.0117162
0.0111131
0.0116472
0.0113095
0.0116177
0.0117004
0.011836
0.0113671
0.0115311
0.0116944
0.011943
0.010627
0.0107968
0.0107536
0.0111394
0.0110193
0.0108524
0.0107214
0.0107488
0.0106105
0.0109343
0.0108319
0.0109336
0.0107155
0.0110543
0.0108677
0.011053
0.0107416
0.0108555
0.0107633
0.0108652
0.0109159
0.0106036
0.0107065
0.0107705
0.01075
0.0106536
