--------[ 2021-10-12 23:00:00 -0400 ]
Lrb.Raster.detmap =
      10   14     1    1      1  250
      10   14     2    2      1  250
Lrb.Raster.freqs = 24.96 25.08 
Lrb.Raster.zpos = -7.345  -2.214  10
Lrb.Raster.raw2posA = -0.007196713 -0.01094011 9.605085e-08 1.638565e-07 0.0 0.0
Lrb.Raster.raw2posB = -0.008685632 -0.01150308 1.108587e-07 1.828223e-07 0.0 0.0
Lrb.Raster.raw2posT = -0.00372615 0.00154953 6.65365e-07 -1.24428e-06 0. 0.

--------[ 2021-10-12 17:00:00 -0400 ]
Lrb.Raster.detmap =
      10   14     2    2      1  250
      10   14     1    1      1  250
Lrb.Raster.freqs = 25.08 24.96 
Lrb.Raster.zpos = -7.345  -2.214  10
Lrb.Raster.raw2posA = -0.007196713 -0.01094011 9.605085e-08 1.638565e-07 0.0 0.0
Lrb.Raster.raw2posB = -0.008685632 -0.01150308 1.108587e-07 1.828223e-07 0.0 0.0
Lrb.Raster.raw2posT = -0.00372615 0.00154953 6.65365e-07 -1.24428e-06 0. 0.

--------[ 2021-10-12 12:00:00 -0400 ]
Lrb.Raster.detmap =
      10   14     1    1      1  250
      10   14     0    0      1  250
Lrb.Raster.freqs = 25.08 24.96 
Lrb.Raster.zpos = -7.345  -2.214  10
Lrb.Raster.raw2posA = -0.007196713 -0.01094011 9.605085e-08 1.638565e-07 0.0 0.0
Lrb.Raster.raw2posB = -0.008685632 -0.01150308 1.108587e-07 1.828223e-07 0.0 0.0
Lrb.Raster.raw2posT = -0.00372615 0.00154953 6.65365e-07 -1.24428e-06 0. 0.

--------[ 2019-09-18 00:00:00 -0400 ]
Lrb.Raster.detmap =
      10   14     14    14      1  250
      10   14     15    15      1  250
Lrb.Raster.freqs = 25.08 24.96
Lrb.Raster.zpos = -7.345  -2.214  10
Lrb.Raster.raw2posA = -0.007196713 -0.01094011 9.605085e-08 1.638565e-07 0.0 0.0
Lrb.Raster.raw2posB = -0.008685632 -0.01150308 1.108587e-07 1.828223e-07 0.0 0.0
Lrb.Raster.raw2posT = -0.00372615 0.00154953 6.65365e-07 -1.24428e-06 0. 0.
