           4           2           2           0           0        1234
           4           2           2           1           0        1179
           4           2           2           2           0        1218
           4           2           2           3           0        1143
           4           2           2           4           0        1361
           4           2           2           5           0        1298
           4           2           2           6           0        1409
           4           2           2           7           0        1347
           4           2           2           8           0        1104
           4           2           2           9           0        1273
           4           2           2          10           0        1211
           4           2           2          11           0        1084
           4           6           6          10           0        1219
           4           6           6          11           0        1265
           4           6           6          12           0        1302
           4           6           6          13           0        1216
           4           6           6          14           0        1257
           4           7           7           0           0        1049
           4           7           7           1           0        1058
           4           7           7           2           0        1182
           4           7           7           3           0         883
           4           7           7           4           0        1189
           4           3           3           0           0        1028
           4           3           3           1           0         923
           4           3           3           2           0        1187
           4           3           3           3           0        1011
           4           3           3           4           0        1201
           4           3           3           5           0        1013
           4           3           3           6           0        1011
           4           3           3           7           0        1303
           4           3           3           8           0        1075
           4           3           3           9           0        1081
           4           3           3          10           0        1316
           4           3           3          11           0        1081
           4           6           6           5           0         968
           4           6           6           6           0        1179
           4           6           6           7           0        1203
           4           6           6           8           0        1025
           4           6           6           9           0        1158
           4           7           7           5           0        1068
           4           7           7           6           0         868
           4           7           7           7           0        1224
           4           7           7           8           0         989
           4           7           7           9           0         834
           4           4           4           0           0        1148
           4           4           4           1           0        1058
           4           4           4           2           0        1169
           4           4           4           3           0        1122
           4           4           4           4           0        1243
           4           4           4           5           0        1153
           4           4           4           6           0        1224
           4           4           4           7           0        1223
           4           4           4           8           0        1015
           4           4           4           9           0        1145
           4           4           4          10           0        1084
           4           4           4          11           0        1238
           4           6           6           0           0        1129
           4           6           6           1           0        1115
           4           6           6           2           0        1185
           4           6           6           3           0        1130
           4           6           6           4           0        1091
           4           7           7          10           0        1193
           4           7           7          11           0        1115
           4           7           7          12           0        1265
           4           7           7          13           0        1258
           4           7           7          14           0        1367
           4           5           5           0           0        1278
           4           5           5           1           0        1063
           4           5           5           2           0        1354
           4           5           5           3           0        1084
           4           5           5           4           0        1252
           4           5           5           5           0        1063
           4           5           5           6           0        1257
           4           5           5           7           0        1312
           4           5           5           8           0        1308
           4           5           5           9           0        1261
           4           5           5          10           0        1127
           4           5           5          11           0        1262
           4           8           8           0           0        1069
           4           8           8           1           0        1115
           4           8           8           2           0        1133
           4           8           8           3           0        1352
           4           8           8           4           0        1344
           4           8           8           8           0        1421
           4           8           8           9           0        1191
           4           8           8          10           0        1447
           4           8           8          11           0        1359
           4           8           8          12           0        1452
           3           2           2           0           0        1129
           3           2           2           1           0        1112
           3           2           2           2           0         863
           3           2           2           3           0         996
           3           2           2           4           0         925
           3           2           2           5           0        1094
           3           2           2           6           0        1023
           3           2           2           7           0        1086
           3           2           2           8           0        1271
           3           2           2           9           0        1010
           3           2           2          10           0        1157
           3           2           2          11           0         979
           3           6           6          10           0        1111
           3           6           6          11           0         954
           3           6           6          12           0        1112
           3           6           6          13           0        1118
           3           6           6          14           0        1046
           3           7           7           0           0        1035
           3           7           7           1           0        1075
           3           7           7           2           0        1066
           3           7           7           3           0        1276
           3           7           7           4           0        1150
           3           3           3           0           0         927
           3           3           3           1           0         937
           3           3           3           2           0         933
           3           3           3           3           0         987
           3           3           3           4           0        1040
           3           3           3           5           0        1090
           3           3           3           6           0        1097
           3           3           3           7           0        1005
           3           3           3           8           0         990
           3           3           3           9           0        1189
           3           3           3          10           0         972
           3           3           3          11           0         863
           3           6           6           5           0        1154
           3           6           6           6           0         983
           3           6           6           7           0         917
           3           6           6           8           0        1119
           3           6           6           9           0         970
           3           7           7           5           0         940
           3           7           7           6           0        1214
           3           7           7           7           0        1202
           3           7           7           8           0        1156
           3           7           7           9           0        1084
           3           4           4           0           0        1146
           3           4           4           1           0        1113
           3           4           4           2           0         906
           3           4           4           3           0        1222
           3           4           4           4           0        1192
           3           4           4           5           0        1011
           3           4           4           6           0        1143
           3           4           4           7           0        1039
           3           4           4           8           0        1265
           3           4           4           9           0        1144
           3           4           4          10           0        1023
           3           4           4          11           0        1104
           3           6           6           0           0        1014
           3           6           6           1           0        1046
           3           6           6           2           0        1112
           3           6           6           3           0        1072
           3           6           6           4           0        1026
           3           7           7          10           0        1133
           3           7           7          11           0         863
           3           7           7          12           0        1060
           3           7           7          13           0        1168
           3           7           7          14           0         956
           3           5           5           0           0        1179
           3           5           5           1           0        1187
           3           5           5           2           0        1219
           3           5           5           3           0        1284
           3           5           5           4           0        1252
           3           5           5           5           0        1131
           3           5           5           6           0        1170
           3           5           5           7           0        1181
           3           5           5           8           0        1232
           3           5           5           9           0        1286
           3           5           5          10           0        1246
           3           5           5          11           0        1220
           3           8           8           0           0        1254
           3           8           8           1           0        1381
           3           8           8           2           0        1330
           3           8           8           3           0        1286
           3           8           8           4           0        1336
           3           8           8           8           0        1336
           3           8           8           9           0        1296
           3           8           8          10           0        1237
           3           8           8          11           0        1252
           3           8           8          12           0        1300
           3          10          10           0           0        1015
           3          10          10           1           0        1068
           3          10          10           2           0        1048
           3          10          10           3           0         952
           3          10          10           4           0         932
           3          10          10           5           0        1042
           3          10          10           6           0        1042
           3          10          10           7           0         984
           3          10          10           8           0         938
           3          10          10           9           0        1072
           3          10          10          10           0        1037
           3          10          10          11           0        1054
           3          14          14          10           0        1142
           3          14          14          11           0         986
           3          14          14          12           0        1031
           3          14          14          13           0        1044
           3          14          14          14           0         939
           3          15          15           0           0        1078
           3          15          15           1           0        1150
           3          15          15           2           0        1106
           3          15          15           3           0        1161
           3          15          15           4           0         963
           3          11          11           0           0        1043
           3          11          11           1           0        1128
           3          11          11           2           0        1085
           3          11          11           3           0        1033
           3          11          11           4           0        1011
           3          11          11           5           0        1033
           3          11          11           6           0        1130
           3          11          11           7           0        1292
           3          11          11           8           0        1303
           3          11          11           9           0        1041
           3          11          11          10           0        1239
           3          11          11          11           0         998
           3          14          14           5           0        1069
           3          14          14           6           0        1122
           3          14          14           7           0        1002
           3          14          14           8           0        1088
           3          14          14           9           0        1150
           3          15          15           5           0        1097
           3          15          15           6           0        1161
           3          15          15           7           0        1113
           3          15          15           8           0        1172
           3          15          15           9           0        1148
           3          12          12           0           0        1225
           3          12          12           1           0        1258
           3          12          12           2           0        1563
           3          12          12           3           0        1131
           3          12          12           4           0        1397
           3          12          12           5           0        1251
           3          12          12           6           0        1200
           3          12          12           7           0        1074
           3          12          12           8           0        1252
           3          12          12           9           0        1231
           3          12          12          10           0        1249
           3          12          12          11           0        1363
           3          14          14           0           0        1287
           3          14          14           1           0        1249
           3          14          14           2           0        1156
           3          14          14           3           0        1190
           3          14          14           4           0        1293
           3          15          15          10           0         887
           3          15          15          11           0        1254
           3          15          15          12           0        1303
           3          15          15          13           0        1273
           3          15          15          14           0        1240
           3          13          13           0           0        1231
           3          13          13           1           0        1205
           3          13          13           2           0        1211
           3          13          13           3           0        1217
           3          13          13           4           0        1233
           3          13          13           5           0        1223
           3          13          13           6           0        1265
           3          13          13           7           0        1231
           3          13          13           8           0        1170
           3          13          13           9           0        1132
           3          13          13          10           0        1033
           3          13          13          11           0        1133
           3          16          16           0           0        1282
           3          16          16           1           0        1201
           3          16          16           2           0        1230
           3          16          16           3           0        1193
           3          16          16           4           0        1315
           3          16          16           8           0        1444
           3          16          16           9           0        1444
           3          16          16          10           0        1303
           3          16          16          11           0        1281
           3          16          16          12           0        1331
           4          10          10           0           0         876
           4          10          10           1           0        1098
           4          10          10           2           0        1078
           4          10          10           3           0        1236
           4          10          10           4           0        1152
           4          10          10           5           0        1086
           4          10          10           6           0        1145
           4          10          10           7           0        1162
           4          10          10           8           0        1055
           4          10          10           9           0        1217
           4          10          10          10           0        1285
           4          10          10          11           0        1018
           4          14          14          10           0        1118
           4          14          14          11           0        1231
           4          14          14          12           0        1129
           4          14          14          13           0        1044
           4          14          14          14           0        1081
           4          15          15           0           0         970
           4          15          15           1           0        1007
           4          15          15           2           0        1079
           4          15          15           3           0         995
           4          15          15           4           0         944
           4          11          11           0           0        1283
           4          11          11           1           0        1072
           4          11          11           2           0        1174
           4          11          11           3           0        1130
           4          11          11           4           0        1093
           4          11          11           5           0        1182
           4          11          11           6           0        1249
           4          11          11           7           0        1054
           4          11          11           8           0        1052
           4          11          11           9           0        1171
           4          11          11          10           0        1109
           4          11          11          11           0         998
           4          14          14           1           0        1248
           4          14          14           2           0        1095
           4          14          14           3           0        1204
           4          14          14           8           0        1280
           4          14          14           9           0        1244
           4          15          15           5           0         887
           4          15          15           6           0        1042
           4          15          15           7           0        1135
           4          15          15           8           0         950
           4          15          15           9           0        1108
           4          12          12           0           0         862
           4          12          12           1           0         953
           4          12          12           2           0        1078
           4          12          12           3           0        1156
           4          12          12           4           0        1248
           4          12          12           5           0        1001
           4          12          12           6           0        1246
           4          12          12           7           0        1180
           4          12          12           8           0        1249
           4          12          12           9           0        1286
           4          12          12          10           0        1059
           4          12          12          11           0        1196
           4          14          14           4           0        1142
           4          14          14           5           0        1137
           4          14          14           6           0        1188
           4          14          14           7           0        1033
           4          14          14           0           0        1262
           4          15          15          10           0        1157
           4          15          15          11           0        1050
           4          15          15          12           0        1061
           4          15          15          13           0        1013
           4          15          15          14           0         880
           4          13          13           0           0        1240
           4          13          13           1           0        1141
           4          13          13           2           0        1213
           4          13          13           3           0        1066
           4          13          13           4           0        1217
           4          13          13           5           0        1135
           4          13          13           6           0        1207
           4          13          13           7           0        1263
           4          13          13           8           0        1259
           4          13          13           9           0        1150
           4          13          13          10           0        1088
           4          13          13          11           0        1200
           4          16          16           0           0        1323
           4          16          16           1           0        1321
           4          16          16           2           0        1338
           4          16          16           3           0        1301
           4          16          16           4           0        1301
           4          16          16           8           0        1437
           4          16          16           9           0        1259
           4          16          16          10           0        1326
           4          16          16          11           0        1415
           4          16          16          12           0        1581
           7           2           2           0           0        1078
           7           2           2           1           0        1076
           7           2           2           2           0        1000
           7           2           2           3           0        1028
           7           2           2           4           0        1165
           7           2           2           5           0        1007
           7           2           2           6           0        1197
           7           2           2           7           0        1161
           7           2           2           8           0        1154
           7           2           2           9           0        1127
           7           2           2          10           0        1201
           7           2           2          11           0        1231
           7           6           6          10           0        1404
           7           6           6          11           0        1398
           7           6           6          12           0        1396
           7           6           6          13           0        1335
           7           6           6          14           0        1331
           7           7           7           0           0        1088
           7           7           7           1           0        1239
           7           7           7           2           0        1157
           7           7           7           3           0        1195
           7           7           7           4           0        1239
           7           3           3           0           0         940
           7           3           3           1           0        1035
           7           3           3           2           0         972
           7           3           3           3           0        1070
           7           3           3           4           0        1023
           7           3           3           5           0         987
           7           3           3           6           0        1061
           7           3           3           7           0         920
           7           3           3           8           0        1043
           7           3           3           9           0        1137
           7           3           3          10           0        1053
           7           3           3          11           0        1158
           7           6           6           5           0        1126
           7           6           6           6           0        1285
           7           6           6           7           0        1150
           7           6           6           8           0         984
           7           6           6           9           0        1214
           7           7           7           5           0         919
           7           7           7           6           0        1270
           7           7           7           7           0         959
           7           7           7           8           0        1020
           7           7           7           9           0        1197
           7           4           4           0           0         985
           7           4           4           1           0        1086
           7           4           4           2           0        1137
           7           4           4           3           0        1111
           7           4           4           4           0         983
           7           4           4           5           0        1087
           7           4           4           6           0         973
           7           4           4           7           0        1051
           7           4           4           8           0        1139
           7           4           4           9           0        1091
           7           4           4          10           0        1115
           7           4           4          11           0        1032
           7           6           6           0           0         945
           7           6           6           1           0         951
           7           6           6           2           0        1066
           7           6           6           3           0        1193
           7           6           6           4           0        1123
           7           7           7          10           0        1151
           7           7           7          11           0        1105
           7           7           7          12           0        1114
           7           7           7          13           0        1251
           7           7           7          14           0        1124
           7           5           5           0           0        1206
           7           5           5           1           0        1177
           7           5           5           2           0        1269
           7           5           5           3           0         941
           7           5           5           4           0        1260
           7           5           5           5           0        1200
           7           5           5           6           0        1151
           7           5           5           7           0        1091
           7           5           5           8           0        1114
           7           5           5           9           0        1230
           7           5           5          10           0        1238
           7           5           5          11           0        1064
           7           8           8           0           0        1130
           7           8           8           1           0        1302
           7           8           8           2           0        1335
           7           8           8           3           0        1033
           7           8           8           4           0        1160
           7           8           8           8           0        1174
           7           8           8           9           0        1424
           7           8           8          10           0        1333
           7           8           8          11           0        1352
           7           8           8          12           0        1170
