-1469.03
-1478.52
-1458.2
-1417.27
-2145.71
-1643.55
-1652.28
-1695.68
-1435.87
-1412.71
-1388.42
-1442.17
-1415.53
-1415.07
-1417.67
-1387.67
-1791.09
-1550.02
-1929.51
-2500
-1423.75
-1451.81
-1537.71
-1582.55
-1403.05
-1569.64
-1457.83
-1392.64
-1853.54
-1624.49
-2218.7
-2212
-1467
-1421.69
-1549.13
-1403.13
-1430.87
-1409.83
-1381.42
-1446.4
-1525.41
-1538.99
-1598.87
-1643.97
-1397.31
-1406.53
-1420.74
-1431.49
-1424.61
-1441.65
-1506.03
-1432.47
-1457.47
-1574.29
-1648.48
-1703.07
-1417.62
-1428.54
-1419.47
-1483.42
-1472.61
-1401.99
-1445.51
-1417.57
-1774.45
-1530.89
-1483.93
-1720.67
-1400.54
-1437.72
-1466.62
-1407.68
-1659.64
-1584
-1558
-1543.44
-2065.52
-2380.94
-1550.37
-1775.67
-1380.85
-1397.96
-1403.57
-1575.65
-1387.69
-1404.85
-1430.73
-1387.68
-1549.27
-1484.46
-1455.97
-1577.57
-1397.99
-1426.22
-1426.29
-1556.98
-1436.62
-1386.49
-1459.83
-1392.22
-1695.86
-1575.85
-1865.09
-1736.23
-1374.64
-1378.61
-1421.83
-1413.79
-1554.56
-1445.4
-1402.5
-1388.5
-1437.68
-1460.97
-1538.16
-1584.37
-1352.55
-1461.2
-1401.11
-1414.16
-1401.62
-1425.85
-1427.95
-1434.46
-1363.66
-1516.17
-1523.62
-1457.63
-1371.94
-1350.45
-1483.46
-1501.96
-1447.39
-1377.19
-1424.06
-1474.95
-1611.31
-1628.37
-1587.94
-1671.11
-1408.58
-1408.69
-1410.09
-1417.75
-1569.62
-1543.12
-1499.93
-1553.5
-2433.55
-1969.66
-1837.13
-1704.93
-1390.33
-1429
-1453.09
-1433.69
-1449.05
-1427.09
-1469.95
-1408.91
-1531.33
-1911.07
-1477.05
-1643.35
-1417.02
-1415.24
-1433.59
-1459.08
-1513.1
-1410.35
-1419.71
-1452.09
-1643.23
-1443.68
-1657.1
-1662.99
-1416.66
-1631
-1399.46
-1426.33
-1401.92
-1456.7
-1382.82
-1426.01
-1602.06
-1672.99
-1471.71
-1557.94
-1463.06
-1451.4
-1430.83
-1391.84
-1446.58
-1438.36
-1433.99
-1428.74
-1884.99
-1464.69
-1779.86
-1986.18
-1387.23
-1446.9
-1392.86
-1577.4
-1447.01
-1486.7
-1391.4
-1480.45
-1568.64
-1425.87
-1414.3
-1764.19
-1371.85
-1412.12
-1380.18
-1453.94
-1399.85
-1536.9
-1373.73
-1421.9
-1433.98
-1674.82
-1521.09
-1479.14
-1343.1
-1405.41
-1397.41
-1434.21
-1411.53
-1354.81
-1417.71
-1430.07
-1703
-1578.79
-1621.13
-2011.04
-1418.37
-1395.04
-1419.07
-1430.8
-1499.73
-1427.31
-1775.05
-1455.3
-1747.76
-1376.98
-1772.3
-1766.6
-1386.73
-1426.63
-1418.16
-1426.56
-1498.64
-1412.97
-1349.35
-1361.57
-1537.54
-1297.51
-1376.46
-1532.41
-1385.48
-1379.32
-1386.05
-1354.01
-1527.52
-1373.7
-1370.19
-1375.96
-1545.1
-1298.15
-1683.75
-1741.34
-1359.3
-1372.1
-1411.83
-1364.15
-1432.91
-1488.6
-1432.37
-1436.68
-1547.07
-1431.42
-1712.9
-2068.37
-1413.64
-1406.61
-1413.48
-1448.05
