-1469.98
-1450.89
-1459.12
-1423.99
-2027.37
-1654.48
-1606.96
-1647.19
-1429.34
-1406.17
-1381.74
-1442.56
-1419.36
-1415.8
-1415.32
-1394.41
-1778.89
-1571.5
-1640.44
-1900.5
-1362
-1433.34
-1493.56
-1527.29
-1417.57
-1544.55
-1441.01
-1395.66
-1826.46
-1643.65
-1681
-1683
-1411.23
-1417.25
-1455.16
-1404.03
-1435.18
-1413.79
-1383.54
-1441.62
-1520.76
-1530.66
-1546.67
-1644.55
-1394.48
-1407.92
-1420.65
-1415.55
-1433.07
-1435.4
-1499.94
-1433.89
-1460.54
-1560.55
-1654.01
-1680.15
-1423.43
-1422.35
-1414.33
-1483.03
-1431.49
-1401.5
-1439.17
-1421.92
-1759.1
-1540.77
-1525.31
-1737.25
-1406.15
-1421
-1459.33
-1412.03
-1599.19
-1507
-1496.15
-1506.71
-1876.67
-2287.35
-1609.13
-1814.72
-1387.85
-1400.12
-1408.81
-1575.83
-1392.68
-1403.9
-1428.24
-1389.31
-1567.57
-1507.57
-1484.3
-1630.35
-1403.72
-1428.79
-1431.96
-1560.39
-1443.2
-1388.73
-1462.98
-1398.01
-1746.36
-1603.13
-1864.23
-1817.61
-1385.7
-1389.51
-1429.31
-1421.98
-1537.62
-1445.46
-1406.67
-1396.79
-1473.38
-1490.12
-1557.6
-1623.91
-1361.8
-1465.04
-1408.13
-1425.2
-1410.14
-1430.96
-1430.94
-1440.39
-1388.11
-1544.48
-1551.74
-1490.65
-1381
-1356.8
-1467.78
-1494.3
-1452.44
-1380.98
-1430.71
-1480.89
-1623.56
-1650.7
-1632.06
-1714.61
-1415.98
-1412.08
-1410.05
-1430.52
-1461.15
-1509.84
-1487.03
-1487.19
-2285.82
-1866.36
-1874.6
-1751
-1394.39
-1420.94
-1446.64
-1434.52
-1412.27
-1401.3
-1458.79
-1403.21
-1501.91
-1906.6
-1471
-1659.64
-1413.11
-1413.05
-1428.75
-1460.03
-1494.69
-1409.53
-1412.57
-1449.9
-1643.06
-1442.56
-1677.43
-1666.85
-1414.12
-1508.91
-1389.6
-1395.62
-1403.91
-1453.27
-1384.38
-1423.81
-1594.26
-1642.55
-1487.08
-1577.43
-1463.56
-1447.72
-1431.78
-1397.33
-1450.51
-1419.19
-1438.74
-1431.5
-1849.54
-2075.56
-1780.56
-1912.06
-1387.09
-1448.54
-1396.37
-1537.95
-1451.53
-1466.22
-1395.41
-1471.38
-1579.15
-1430
-1420.4
-1761.82
-1372.92
-1414.96
-1384.73
-1459.45
-1409.48
-1524.91
-1381.03
-1432.87
-1462.48
-1666.84
-1525.78
-1496.98
-1347.89
-1416.83
-1400.15
-1434.56
-1424.73
-1365.25
-1427.93
-1440.65
-1775.61
-1595.54
-1612.81
-1973.59
-1418.44
-1398.9
-1426.13
-1434.39
-1516.35
-1439.45
-1750.62
-1469.94
-1842.7
-1426.34
-1783.27
-1826.51
-1394.71
-1459.47
-1424.66
-1440.76
-1516.51
-1423.52
-1361.57
-1378.11
-1616.71
-1341.91
-1420.69
-1581.19
-1403.14
-1385.1
-1397.46
-1368.65
-1548.67
-1389.62
-1377.88
-1387.78
-1614.13
-1338.89
-1748.72
-1769.73
-1369.75
-1380.5
-1417.89
-1380.72
-1445.04
-1500.44
-1443.23
-1447.24
-1609.27
-1470.87
-1748.62
-2016.64
-1421.89
-1412.27
-1418.78
-1456.13
