          20          11           7           0           0         491
          20          11           7           1           0         581
          20          11           7           2           0         615
          20          11           7           3           0         640
          20          11           7           4           0         534
          20          11           7           5           0         330
          20          11           7           6           0         599
          20          11           7           7           0         514
          20          11           7           8           0         534
          20          11           7           9           0         612
          20          11           7          10           0         565
          20          11           7          11           0         572
          20          11           7          12           0         638
          20          11           7          13           0         546
          20          11           7          14           0         487
          20          11           8           0           0         388
          20          11           8           1           0         556
          20          11           8           2           0         580
          20          11           8           3           0         433
          20          11           8           4           0         509
          20          11           8           5           0         528
          20          11           8           6           0         635
          20          11           8           7           0         634
          20          11           8           8           0         545
          20          11           8           9           0         685
          20          11           8          10           0         409
          20          11           8          11           0         507
          20          11           8          12           0         563
          20          11           8          13           0         534
          20          11           8          14           0         496
          20          11           9           0           0         419
          20          11           9           1           0         603
          20          11           9           2           0         523
          20          11           9           3           0         441
          20          11           9           4           0         587
          20          11           9           5           0         525
          20          11           9           6           0         530
          20          11           9           7           0         562
          20          11           9           8           0         562
          20          11           9           9           0         392
          20          11           9          10           0         495
          20          11           9          11           0         600
          20          11           9          12           0         562
          20          11           9          13           0         595
          20          11           9          14           0         541
          20          11          10           0           0         360
          20          11          10           1           0         530
          20          11          10           2           0         397
          20          11          10           3           0         418
          20          11          10           4           0         348
          20          11          10           5           0         582
          20          11          10           6           0         415
          20          11          10           7           0         620
          20          11          10           8           0         554
          20          11          10           9           0         460
          20          11          10          10           0         614
          20          11          10          11           0         443
          20          11          10          12           0         550
          20          11          10          13           0         453
          20          11          10          14           0         524
          20          11          16           0           0           0
          20          11          16           1           0           0
          20          11          16           2           0           0
          20          11          16           3           0           0
          20          11          16           4           0           0
          20          11          17           4           0           0
          20          11          17           3           0           0
          20          11          17           2           0           0
          20          11          17           1           0           0
          20          11          18           0           0           0
          20          11          18           1           0           0
          20          11          18           2           0           0
          20          11          18           3           0           0
          20          11          18           4           0           0
          20          11          19           0           0           0
          20          11          19           1           0           0
          20          11          19           2           0           0
          20          11          19           3           0           0
          20          11          16           5           0           0
          20          11          16           6           0           0
          20          11          16           7           0           0
          20          11          16           8           0           0
          20          11          16           9           0           0
          20          11          17           9           0           0
          20          11          17           8           0           0
          20          11          17           7           0           0
          20          11          17           6           0           0
          20          11          18           5           0           0
          20          11          18           6           0           0
          20          11          18           7           0           0
          20          11          18           8           0           0
          20          11          18           9           0           0
          20          11          19           9           0           0
          20          11          19           8           0           0
          20          11          19           7           0           0
          20          11          19           6           0           0
          20          11          16          10           0           0
          20          11          16          11           0           0
          20          11          16          12           0           0
          20          11          16          13           0           0
          20          11          16          14           0           0
          20          11          17          10           0           0
          20          11          17          11           0           0
          20          11          17          12           0           0
          20          11          17          13           0           0
          20          11          18          10           0           0
          20          11          18          11           0           0
          20          11          18          12           0           0
          20          11          18          13           0           0
          20          11          18          14           0           0
          20          11          19          14           0           0
          20          11          19          13           0           0
          20          11          19          12           0           0
          20          11          19          11           0           0
          20          11          11           0           0         531
          20          11          11           1           0         626
          20          11          11           2           0         596
          20          11          11           3           0         590
          20          11          11           4           0         687
          20          11          11           5           0         636
          20          11          11           6           0         498
          20          11          11           7           0         486
          20          11          11           8           0         376
          20          11          11           9           0         576
          20          11          11          10           0         635
          20          11          11          11           0         446
          20          11          11          12           0         541
          20          11          11          13           0         456
          20          11          11          14           0         618
          20          11          12           0           0         629
          20          11          12           1           0         606
          20          11          12           2           0         623
          20          11          12           3           0         625
          20          11          12           4           0         570
          20          11          12           5           0         690
          20          11          12           6           0         686
          20          11          12           7           0         490
          20          11          12           8           0         559
          20          11          12           9           0         341
          20          11          12          10           0         450
          20          11          12          11           0         348
          20          11          12          12           0         529
          20          11          12          13           0         557
          20          11          12          14           0         629
          20          11          13           0           0         517
          20          11          13           1           0         545
          20          11          13           2           0         576
          20          11          13           3           0         515
          20          11          13           4           0         547
          20          11          13           5           0         557
          20          11          13           6           0         584
          20          11          13           7           0         562
          20          11          13           8           0         553
          20          11          13           9           0         646
          20          11          13          10           0         576
          20          11          13          11           0         568
          20          11          13          12           0         448
          20          11          13          13           0         588
          20          11          13          14           0         600
          20          11          14           0           0         596
          20          11          14           1           0         617
          20          11          14           2           0         572
          20          11          14           3           0         553
          20          11          14           4           0         629
          20          11          14           5           0         437
          20          11          14           6           0         643
          20          11          14           7           0         660
          20          11          14           8           0         545
          20          11          14           9           0         586
          20          11          14          10           0         614
          20          11          14          11           0         684
          20          11          14          12           0         491
          20          11          14          13           0         576
          20          11          14          14           0         576
          20          11          20           0           0         613
          20          11          20           1           0         668
          20          11          20           2           0         389
          20          11          20           3           0         428
          20          11          20           4           0         518
          20          11          20           5           0         584
          20          11          20           6           0         399
          20          11          20           7           0         335
          20          11          20           8           0         546
          20          11          20           9           0         647
          20          11          20          10           0         596
          20          11          20          11           0         620
          20          11          20          12           0         417
          20          11          20          13           0         523
          20          11          20          14           0         592
          20          11          21           0           0         452
          20          11          21           1           0         500
          20          11          21           2           0         603
          20          11          21           3           0         430
          20          11          21           4           0         357
          20          11          21           5           0         430
          20          11          21           6           0         463
          20          11          21           7           0         366
          20          11          21           8           0         552
          20          11          21           9           0         529
          20          11          21          10           0         494
          20          11          21          11           0         567
          20          11          21          12           0         468
          20          11          21          13           0         656
          20          11          21          14           0         472
          20          11          22           0           0         559
          20          11          22           1           0         439
          20          11          22           2           0         504
          20          11          22           3           0         393
          20          11          22           4           0         556
          20          11          22           5           0         409
          20          11          22           6           0         509
          20          11          22           7           0         494
          20          11          22           8           0         621
          20          11          22           9           0         397
          20          11          22          10           0         359
          20          11          22          11           0         553
          20          11          22          12           0         521
          20          11          22          13           0         385
          20          11          22          14           0         546
          20          11          23           0           0         543
          20          11          23           1           0         544
          20          11          23           2           0         559
          20          11          23           3           0         544
          20          11          23           4           0         584
          20          11          23           5           0         526
          20          11          23           6           0         594
          20          11          23           7           0         617
          20          11          23           8           0         569
          20          11          23           9           0         392
          20          11          23          10           0         578
          20          11          23          11           0         366
          20          11          23          12           0         444
          20          11          23          13           0         512
          20          11          23          14           0         539
          20          11           0           0           0         628
          20          11           0           1           0         691
          20          11           0           2           0         563
          20          11           0           3           0         650
          20          11           0           4           0         729
          20          11           0           5           0         526
          20          11           0           6           0         801
          20          11           0           7           0         780
          20          11           0           8           0         618
          20          11           0           9           0         627
          20          11           0          10           0         663
          20          11           0          11           0         817
          20          11           4          10           0         577
          20          11           4          11           0         524
          20          11           4          12           0         567
          20          11           4          13           0         543
          20          11           4          14           0         492
          20          11           5           0           0         550
          20          11           5           1           0         635
          20          11           5           2           0         595
          20          11           5           3           0         466
          20          11           5           4           0         626
          20          11           1           0           0         605
          20          11           1           1           0         724
          20          11           1           2           0         600
          20          11           1           3           0         542
          20          11           1           4           0         686
          20          11           1           5           0         707
          20          11           1           6           0         756
          20          11           1           7           0         702
          20          11           1           8           0         669
          20          11           1           9           0         665
          20          11           1          10           0         621
          20          11           1          11           0           0
          20          11           4           5           0         557
          20          11           4           6           0         545
          20          11           4           7           0         403
          20          11           4           8           0         561
          20          11           4           9           0         437
          20          11           5           5           0         581
          20          11           5           6           0         428
          20          11           5           7           0         558
          20          11           5           8           0         428
          20          11           5           9           0         691
          20          11           2           0           0         634
          20          11           2           1           0         590
          20          11           2           2           0         422
          20          11           2           3           0         481
          20          11           2           4           0         580
          20          11           2           5           0         605
          20          11           2           6           0         651
          20          11           2           7           0         497
          20          11           2           8           0         687
          20          11           2           9           0         779
          20          11           2          10           0         445
          20          11           2          11           0         699
          20          11           4           0           0         512
          20          11           4           1           0         583
          20          11           4           2           0         588
          20          11           4           3           0         623
          20          11           4           4           0         563
          20          11           5          10           0         540
          20          11           5          11           0         340
          20          11           5          12           0         330
          20          11           5          13           0         559
          20          11           5          14           0         563
          20          11           3           0           0         523
          20          11           3           1           0         471
          20          11           3           2           0         409
          20          11           3           3           0         428
          20          11           3           4           0         420
          20          11           3           5           0         532
          20          11           3           6           0         655
          20          11           3           7           0         568
          20          11           3           8           0         636
          20          11           3           9           0         582
          20          11           3          10           0         703
          20          11           3          11           0         643
          20          11           6           0           0         747
          20          11           6           1           0         828
          20          11           6           2           0         685
          20          11           6           3           0         821
          20          11           6           4           0         764
          20          11           6           8           0         535
          20          11           6           9           0         459
          20          11           6          10           0         500
          20          11           6          11           0         505
          20          11           6          12           0         537
