#Mon Sep 20 22:02:05 2021
# This file defines the common-mode range for the online zero-suppression for the GEM DAQ. Copy its contents into (location TBD) to set these values for detector bb.gem
# format = crate     slot      mpd_id     adc_ch      commonmode min      commonmode max
          20          11           7           0         405         487
          20          11           7           1         423         593
          20          11           7           2         504         616
          20          11           7           3         479         655
          20          11           7           4         393         550
          20          11           7           5         198         341
          20          11           7           6         494         616
          20          11           7           7         438         518
          20          11           7           8         378         558
          20          11           7           9         468         634
          20          11           7          10         432         590
          20          11           7          11         455         598
          20          11           7          12         483         662
          20          11           7          13         404         570
          20          11           7          14         339         517
          20          11           8           0         226         415
          20          11           8           1         369         591
          20          11           8           2         411         613
          20          11           8           3         266         468
          20          11           8           4         313         545
          20          11           8           5         284         575
          20          11           8           6         388         679
          20          11           8           7         373         678
          20          11           8           8         346         594
          20          11           8           9         484         725
          20          11           8          10         232         428
          20          11           8          11         337         512
          20          11           8          12         417         588
          20          11           8          13         395         558
          20          11           8          14         353         522
          20          11           9           0         332         436
          20          11           9           1         512         625
          20          11           9           2         433         539
          20          11           9           3         377         447
          20          11           9           4         466         621
          20          11           9           5         402         556
          20          11           9           6         409         564
          20          11           9           7         404         612
          20          11           9           8         442         597
          20          11           9           9         273         423
          20          11           9          10         369         534
          20          11           9          11         461         649
          20          11           9          12         443         596
          20          11           9          13         463         633
          20          11           9          14         409         581
          20          11          10           0         206         399
          20          11          10           1         364         575
          20          11          10           2         245         442
          20          11          10           3           0           0
          20          11          10           4         154         392
          20          11          10           5         380         635
          20          11          10           6         204         470
          20          11          10           7         418         677
          20          11          10           8         414         570
          20          11          10           9         326         487
          20          11          10          10         445         657
          20          11          10          11         234         489
          20          11          10          12         428         589
          20          11          10          13         321         492
          20          11          10          14         382         567
          20          11          16           0           0           0
          20          11          16           1         378         566
          20          11          16           2         405         580
          20          11          16           3         423         590
          20          11          16           4         343         498
          20          11          17           4         485         634
          20          11          17           3         405         524
          20          11          17           2         416         538
          20          11          17           1         509         629
          20          11          18           0         343         490
          20          11          18           1         379         517
          20          11          18           2         460         613
          20          11          18           3         388         541
          20          11          18           4         418         595
          20          11          19           0         373         617
          20          11          19           1         327         495
          20          11          19           2         374         531
          20          11          19           3         318         495
          20          11          16           5         318         470
          20          11          16           6         349         481
          20          11          16           7         376         515
          20          11          16           8         388         525
          20          11          16           9         395         555
          20          11          17           9         387         562
          20          11          17           8         489         634
          20          11          17           7         430         569
          20          11          17           6         477         624
          20          11          18           5         403         582
          20          11          18           6         388         549
          20          11          18           7         387         550
          20          11          18           8         430         589
          20          11          18           9         328         521
          20          11          19           9         414         567
          20          11          19           8         510         643
          20          11          19           7         400         541
          20          11          19           6         412         584
          20          11          16          10         358         539
          20          11          16          11         474         617
          20          11          16          12         373         504
          20          11          16          13         246         381
          20          11          16          14         395         589
          20          11          17          10         330         452
          20          11          17          11         452         616
          20          11          17          12         527         686
          20          11          17          13         342         534
          20          11          18          10         381         557
          20          11          18          11         449         619
          20          11          18          12         450         593
          20          11          18          13         393         547
          20          11          18          14         433         627
          20          11          19          14         415         548
          20          11          19          13         384         531
          20          11          19          12         368         529
          20          11          19          11         441         633
          20          11          11           0         461         525
          20          11          11           1         520         626
          20          11          11           2         501         591
          20          11          11           3         482         597
          20          11          11           4         534         705
          20          11          11           5         517         637
          20          11          11           6         393         496
          20          11          11           7         365         489
          20          11          11           8         246         379
          20          11          11           9         433         576
          20          11          11          10         498         636
          20          11          11          11         307         445
          20          11          11          12         372         548
          20          11          11          13         283         460
          20          11          11          14         434         625
          20          11          12           0         385         658
          20          11          12           1         330         604
          20          11          12           2         385         630
          20          11          12           3        1191        1193
          20          11          12           4         287         580
          20          11          12           5         366         696
          20          11          12           6         376         693
          20          11          12           7         162         501
          20          11          12           8         331         550
          20          11          12           9         138         335
          20          11          12          10         267         451
          20          11          12          11         155         363
          20          11          12          12         321         535
          20          11          12          13         358         557
          20          11          12          14           0           0
          20          11          13           0         421         520
          20          11          13           1         452         552
          20          11          13           2         506         578
          20          11          13           3         441         513
          20          11          13           4         445         549
          20          11          13           5         447         555
          20          11          13           6         461         578
          20          11          13           7         384         548
          20          11          13           8         431         559
          20          11          13           9         517         646
          20          11          13          10         427         575
          20          11          13          11         399         566
          20          11          13          12         305         450
          20          11          13          13         412         586
          20          11          13          14         415         595
          20          11          14           0         376         589
          20          11          14           1         381         610
          20          11          14           2         362         563
          20          11          14           3         400         544
          20          11          14           4         366         605
          20          11          14           5         181         414
          20          11          14           6         365         620
          20          11          14           7         357         638
          20          11          14           8         373         525
          20          11          14           9         380         569
          20          11          14          10         339         598
          20          11          14          11         370         666
          20          11          14          12         277         492
          20          11          14          13         378         577
          20          11          14          14         352         572
          20          11          20           0         409         583
          20          11          20           1         355         504
          20          11          20           2         404         563
          20          11          20           3         340         509
          20          11          20           4         437         609
          20          11          21           4         381         535
          20          11          21           3         413         558
          20          11          21           2         404         546
          20          11          21           1         462         647
          20          11          22           0         391         577
          20          11          22           1         441         591
          20          11          22           2         397         533
          20          11          22           3         404         539
          20          11          22           4         357         532
          20          11          23           0         214         473
          20          11          23           1         393         582
          20          11          23           2         366         558
          20          11          23           3         291         497
          20          11          20           5         426         590
          20          11          20           6         452         617
          20          11          20           7         340         480
          20          11          20           8         272         447
          20          11          20           9         267         497
          20          11          21           5         320         488
          20          11          21           6         390         543
          20          11          21           7         449         597
          20          11          21           8         456         642
          20          11          22           5         331         487
          20          11          22           6         462         602
          20          11          22           7         346         497
          20          11          22           8         330         469
          20          11          22           9         372         545
          20          11          23           5         362         553
          20          11          23           6         429         581
          20          11          23           7         430         587
          20          11          23           8         382         586
          20          11          20          10         179         533
          20          11          20          11         297         641
          20          11          20          12         361         706
          20          11          20          13         280         594
          20          11          20          14         267         588
          20          11          21          10         264         608
          20          11          21          11         277         605
          20          11          21          12         325         505
          20          11          21          13         424         466
          20          11          22          10         305         603
          20          11          22          11         350         606
          20          11          22          12         330         601
          20          11          22          13         284         579
          20          11          22          14         203         520
          20          11          23          10         419         696
          20          11          23          11         416         734
          20          11          23          12         351         643
          20          11          23          13         325         599
          20          11           0           0           0           0
          20          11           0           1           0           0
          20          11           0           2           0           0
          20          11           0           3           0           0
          20          11           0           4           0           0
          20          11           0           5           0           0
          20          11           0           6           0           0
          20          11           0           7           0           0
          20          11           0           8           0           0
          20          11           0           9           0           0
          20          11           0          10           0           0
          20          11           0          11           0           0
          20          11           4          10         468         591
          20          11           4          11         437         532
          20          11           4          12         478         566
          20          11           4          13         464         539
          20          11           4          14         405         493
          20          11           5           0         467         568
          20          11           5           1         563         643
          20          11           5           2         527         603
          20          11           5           3         394         477
          20          11           5           4         547         648
          20          11           1           0           0           0
          20          11           1           1           0           0
          20          11           1           2           0           0
          20          11           1           3           0           0
          20          11           1           4           0           0
          20          11           1           5           0           0
          20          11           1           6           0           0
          20          11           1           7           0           0
          20          11           1           8           0           0
          20          11           1           9           0           0
          20          11           1          10           0           0
          20          11           1          11           0           0
          20          11           4           5         453         563
          20          11           4           6         461         555
          20          11           4           7         327         404
          20          11           4           8         479         567
          20          11           4           9         359         444
          20          11           5           5         465         611
          20          11           5           6         349         438
          20          11           5           7         473         570
          20          11           5           8         322         453
          20          11           5           9         590         709
          20          11           2           0         509         642
          20          11           2           1         517         595
          20          11           2           2         327         433
          20          11           2           3         404         484
          20          11           2           4         498         588
          20          11           2           5         522         614
          20          11           2           6         553         657
          20          11           2           7         422         500
          20          11           2           8         610         696
          20          11           2           9         704         794
          20          11           2          10         362         455
          20          11           2          11         576         723
          20          11           4           0         414         531
          20          11           4           1         496         602
          20          11           4           2         498         605
          20          11           4           3         536         642
          20          11           4           4         480         582
          20          11           5          10         433         564
          20          11           5          11         252         355
          20          11           5          12         246         341
          20          11           5          13         473         571
          20          11           5          14         475         581
          20          11           3           0         379         541
          20          11           3           1         402         474
          20          11           3           2         321         414
          20          11           3           3         350         432
          20          11           3           4         346         424
          20          11           3           5         455         538
          20          11           3           6         567         659
          20          11           3           7         490         575
          20          11           3           8         557         644
          20          11           3           9         506         588
          20          11           3          10         631         709
          20          11           3          11         530         663
          20          11           6           0         575         722
          20          11           6           1         685         774
          20          11           6           2         498         640
          20          11           6           3         658         804
          20          11           6           4         620         735
          20          11           6           8         451         543
          20          11           6           9         386         466
          20          11           6          10         406         508
          20          11           6          11         420         511
          20          11           6          12         448         541
