#Tue Jan 11 11:11:21 2022
# Copy file into sbs-onl@sbsvtp3:~/cfg/pedestals for online pedestal subtraction
# format = crate, slot, mpd, adc_ch, CM min, CM max
          20          11           7           0           0         492
          20          11           7           1           0         581
          20          11           7           2           0         613
          20          11           7           3           0         639
          20          11           7           4           0         528
          20          11           7           5           0         325
          20          11           7           6           0         597
          20          11           7           7           0         519
          20          11           7           8           0         520
          20          11           7           9           0         599
          20          11           7          10           0         550
          20          11           7          11           0         568
          20          11           7          12           0         498
          20          11           7          13           0         475
          20          11           7          14           0         597
          20          11           8           0           0         368
          20          11           8           1           0         535
          20          11           8           2           0         552
          20          11           8           3           0         410
          20          11           8           4           0         470
          20          11           8           5           0         485
          20          11           8           6           0         575
          20          11           8           7           0         571
          20          11           8           8           0         520
          20          11           8           9           0         647
          20          11           8          10           0         371
          20          11           8          11           0         480
          20          11           8          12           0         485
          20          11           8          13           0         495
          20          11           8          14           0         501
          20          11           9           0           0         426
          20          11           9           1           0         609
          20          11           9           2           0         526
          20          11           9           3           0         445
          20          11           9           4           0         610
          20          11           9           5           0         533
          20          11           9           6           0         535
          20          11           9           7           0         595
          20          11           9           8           0         571
          20          11           9           9           0         394
          20          11           9          10           0         500
          20          11           9          11           0         620
          20          11           9          12           0         563
          20          11           9          13           0         591
          20          11           9          14           0         540
          20          11          10           0           0         352
          20          11          10           1           0         525
          20          11          10           2           0         387
          20          11          10           3           0         415
          20          11          10           4           0         323
          20          11          10           5           0         559
          20          11          10           6           0         389
          20          11          10           7           0         605
          20          11          10           8           0         552
          20          11          10           9           0         450
          20          11          10          10           0         590
          20          11          10          11           0         405
          20          11          10          12           0         549
          20          11          10          13           0         451
          20          11          10          14           0         527
          20          11          16           0           0         439
          20          11          16           1           0         465
          20          11          16           2           0         518
          20          11          16           3           0         535
          20          11          16           4           0         742
          20          11          16           5           0         660
          20          11          16           6           0         636
          20          11          16           7           0         707
          20          11          16           8           0         492
          20          11          16           9           0         655
          20          11          16          10           0         467
          20          11          16          11           0         618
          20          11          16          12           0         619
          20          11          16          13           0         572
          20          11          16          14           0         654
          20          11          17           0           0         560
          20          11          17           1           0         410
          20          11          17           2           0         573
          20          11          17           3           0         605
          20          11          17           4           0         545
          20          11          17           5           0         587
          20          11          17           6           0         624
          20          11          17           7           0         597
          20          11          17           8           0         539
          20          11          17           9           0         521
          20          11          17          10           0         570
          20          11          17          11           0         562
          20          11          17          12           0         666
          20          11          17          13           0         634
          20          11          17          14           0         453
          20          11          18           0           0         576
          20          11          18           1           0         461
          20          11          18           2           0         581
          20          11          18           3           0         626
          20          11          18           4           0         459
          20          11          18           5           0         508
          20          11          18           6           0         526
          20          11          18           7           0         614
          20          11          18           8           0         464
          20          11          18           9           0         528
          20          11          18          10           0         578
          20          11          18          11           0         590
          20          11          18          12           0         621
          20          11          18          13           0         496
          20          11          18          14           0         555
          20          11          19           0           0         440
          20          11          19           1           0         553
          20          11          19           2           0         547
          20          11          19           3           0         631
          20          11          19           4           0         449
          20          11          19           5           0         576
          20          11          19           6           0         557
          20          11          19           7           0         624
          20          11          19           8           0         562
          20          11          19           9           0         552
          20          11          19          10           0         534
          20          11          19          11           0         704
          20          11          19          12           0         533
          20          11          19          13           0         548
          20          11          19          14           0         600
          20          11          11           0           0         525
          20          11          11           1           0         630
          20          11          11           2           0         597
          20          11          11           3           0         585
          20          11          11           4           0         721
          20          11          11           5           0         631
          20          11          11           6           0         485
          20          11          11           7           0         482
          20          11          11           8           0         369
          20          11          11           9           0         559
          20          11          11          10           0         611
          20          11          11          11           0         426
          20          11          11          12           0         542
          20          11          11          13           0         580
          20          11          11          14           0         494
          20          11          12           0           0         571
          20          11          12           1           0         530
          20          11          12           2           0         547
          20          11          12           3           0         551
          20          11          12           4           0         495
          20          11          12           5           0         599
          20          11          12           6           0         608
          20          11          12           7           0         421
          20          11          12           8           0         499
          20          11          12           9           0         278
          20          11          12          10           0         410
          20          11          12          11           0         380
          20          11          12          12           0         596
          20          11          12          13           0         516
          20          11          12          14           0         481
          20          11          13           0           0         541
          20          11          13           1           0         547
          20          11          13           2           0         588
          20          11          13           3           0         525
          20          11          13           4           0         554
          20          11          13           5           0         544
          20          11          13           6           0         571
          20          11          13           7           0         577
          20          11          13           8           0         542
          20          11          13           9           0         624
          20          11          13          10           0         545
          20          11          13          11           0         550
          20          11          13          12           0         477
          20          11          13          13           0         553
          20          11          13          14           0         539
          20          11          14           0           0         526
          20          11          14           1           0         543
          20          11          14           2           0         504
          20          11          14           3           0         507
          20          11          14           4           0         545
          20          11          14           5           0         355
          20          11          14           6           0         552
          20          11          14           7           0         564
          20          11          14           8           0         546
          20          11          14           9           0         543
          20          11          14          10           0         534
          20          11          14          11           0         577
          20          11          14          12           0         611
          20          11          14          13           0         503
          20          11          14          14           0         533
          20          11          20           0           0         639
          20          11          20           1           0         697
          20          11          20           2           0         409
          20          11          20           3           0         442
          20          11          20           4           0         513
          20          11          20           5           0         586
          20          11          20           6           0         409
          20          11          20           7           0         349
          20          11          20           8           0         542
          20          11          20           9           0         647
          20          11          20          10           0         593
          20          11          20          11           0         614
          20          11          20          12           0         447
          20          11          20          13           0         483
          20          11          20          14           0         460
          20          11          21           0           0         437
          20          11          21           1           0         496
          20          11          21           2           0         601
          20          11          21           3           0         433
          20          11          21           4           0         348
          20          11          21           5           0         428
          20          11          21           6           0         460
          20          11          21           7           0         368
          20          11          21           8           0         546
          20          11          21           9           0         516
          20          11          21          10           0         477
          20          11          21          11           0         503
          20          11          21          12           0         455
          20          11          21          13           0         587
          20          11          21          14           0         508
          20          11          22           0           0         570
          20          11          22           1           0         465
          20          11          22           2           0         547
          20          11          22           3           0         454
          20          11          22           4           0         577
          20          11          22           5           0         425
          20          11          22           6           0         521
          20          11          22           7           0         564
          20          11          22           8           0         627
          20          11          22           9           0         402
          20          11          22          10           0         361
          20          11          22          11           0         556
          20          11          22          12           0         583
          20          11          22          13           0         540
          20          11          22          14           0         645
          20          11          23           0           0         550
          20          11          23           1           0         557
          20          11          23           2           0         572
          20          11          23           3           0         558
          20          11          23           4           0         583
          20          11          23           5           0         538
          20          11          23           6           0         616
          20          11          23           7           0         639
          20          11          23           8           0         576
          20          11          23           9           0         403
          20          11          23          10           0         603
          20          11          23          11           0         392
          20          11          23          12           0         538
          20          11          23          13           0         571
          20          11          23          14           0         648
          20          11           0           0           0         633
          20          11           0           1           0         691
          20          11           0           2           0         563
          20          11           0           3           0         648
          20          11           0           4           0         729
          20          11           0           5           0         526
          20          11           0           6           0         799
          20          11           0           7           0         782
          20          11           0           8           0         618
          20          11           0           9           0         627
          20          11           0          10           0         662
          20          11           0          11           0         819
          20          11           4          10           0         604
          20          11           4          11           0         529
          20          11           4          12           0         568
          20          11           4          13           0         541
          20          11           4          14           0         493
          20          11           5           0           0         552
          20          11           5           1           0         633
          20          11           5           2           0         594
          20          11           5           3           0         467
          20          11           5           4           0         629
          20          11           1           0           0         616
          20          11           1           1           0         727
          20          11           1           2           0         603
          20          11           1           3           0         544
          20          11           1           4           0         691
          20          11           1           5           0         712
          20          11           1           6           0         761
          20          11           1           7           0         709
          20          11           1           8           0         675
          20          11           1           9           0         671
          20          11           1          10           0         624
          20          11           1          11           0           0
          20          11           4           5           0         563
          20          11           4           6           0         553
          20          11           4           7           0         409
          20          11           4           8           0         568
          20          11           4           9           0         442
          20          11           5           5           0         593
          20          11           5           6           0         428
          20          11           5           7           0         562
          20          11           5           8           0         432
          20          11           5           9           0         695
          20          11           2           0           0         644
          20          11           2           1           0         590
          20          11           2           2           0         424
          20          11           2           3           0         482
          20          11           2           4           0         581
          20          11           2           5           0         608
          20          11           2           6           0         654
          20          11           2           7           0         507
          20          11           2           8           0         689
          20          11           2           9           0         782
          20          11           2          10           0         447
          20          11           2          11           0         701
          20          11           4           0           0         515
          20          11           4           1           0         588
          20          11           4           2           0         593
          20          11           4           3           0         626
          20          11           4           4           0         565
          20          11           5          10           0         546
          20          11           5          11           0         344
          20          11           5          12           0         333
          20          11           5          13           0         560
          20          11           5          14           0         567
          20          11           3           0           0         530
          20          11           3           1           0         472
          20          11           3           2           0         410
          20          11           3           3           0         431
          20          11           3           4           0         423
          20          11           3           5           0         535
          20          11           3           6           0         658
          20          11           3           7           0         571
          20          11           3           8           0         638
          20          11           3           9           0         585
          20          11           3          10           0         704
          20          11           3          11           0         651
          20          11           6           0           0         752
          20          11           6           1           0         822
          20          11           6           2           0         681
          20          11           6           3           0         823
          20          11           6           4           0         774
          20          11           6           8           0         534
          20          11           6           9           0         461
          20          11           6          10           0         507
          20          11           6          11           0         510
          20          11           6          12           0         541
