#Wed Nov  2 16:02:29 2022
# Copy file into sbs-onl@sbsvtp#:~/cfg/pedestals for online pedestal subtraction
# format = crate, slot, mpd, adc_ch, CM min, CM max
          25          11           2           0           0           0
          25          11           2           1           0           0
          25          11           2           2           0           0
          25          11           2           3           0           0
          25          11           2           4           0           0
          25          11           3           0           0           0
          25          11           3           1           0           0
          25          11           3           2           0           0
          25          11           3           3           0           0
          25          11           4           0           0           0
          25          11           4           1           0           0
          25          11           4           2           0           0
          25          11           4           3           0           0
          25          11           4           4           0           0
          25          11           5           0           0           0
          25          11           5           1           0           0
          25          11           5           2           0           0
          25          11           5           3           0           0
          25          11           2           5           0           0
          25          11           2           6           0           0
          25          11           2           7           0           0
          25          11           2           8           0           0
          25          11           2           9           0           0
          25          11           3           5           0           0
          25          11           3           6           0           0
          25          11           3           7           0           0
          25          11           3           8           0           0
          25          11           4           5           0           0
          25          11           4           6           0           0
          25          11           4           7           0           0
          25          11           4           8           0           0
          25          11           4           9           0           0
          25          11           5           9           0           0
          25          11           5           8           0           0
          25          11           5           7           0           0
          25          11           5           6           0           0
          25          11           2          10           0           0
          25          11           2          11           0           0
          25          11           2          12           0           0
          25          11           2          13           0           0
          25          11           2          14           0           0
          25          11           3          10           0           0
          25          11           3          11           0           0
          25          11           3          12           0           0
          25          11           3          13           0           0
          25          11           4          10           0           0
          25          11           4          11           0           0
          25          11           4          12           0           0
          25          11           4          13           0           0
          25          11           4          14           0           0
          25          11           5          10           0           0
          25          11           5          11           0           0
          25          11           5          12           0           0
          25          11           5          13           0           0
          25          11           6           0           0           0
          25          11           6           1           0           0
          25          11           6           2           0           0
          25          11           6           3           0           0
          25          11           6           4           0           0
          25          11           7           0           0           0
          25          11           7           1           0           0
          25          11           7           2           0           0
          25          11           7           3           0           0
          25          11           8           0           0           0
          25          11           8           1           0           0
          25          11           8           2           0           0
          25          11           8           3           0           0
          25          11           8           4           0           0
          25          11           9           0           0           0
          25          11           9           1           0           0
          25          11           9           2           0           0
          25          11           9           3           0           0
          25          11           6           5           0           0
          25          11           6           6           0           0
          25          11           6           7           0           0
          25          11           6           8           0           0
          25          11           6           9           0           0
          25          11           7           5           0           0
          25          11           7           6           0           0
          25          11           7           7           0           0
          25          11           7           8           0           0
          25          11           8           5           0           0
          25          11           8           6           0           0
          25          11           8           7           0           0
          25          11           8           8           0           0
          25          11           8           9           0           0
          25          11           9           5           0           0
          25          11           9           6           0           0
          25          11           9           7           0           0
          25          11           9           8           0           0
          25          11           6          10           0           0
          25          11           6          11           0           0
          25          11           6          12           0           0
          25          11           6          13           0           0
          25          11           6          14           0           0
          25          11           7          10           0           0
          25          11           7          11           0           0
          25          11           7          12           0           0
          25          11           7          13           0           0
          25          11           8          10           0           0
          25          11           8          11           0           0
          25          11           8          12           0           0
          25          11           8          13           0           0
          25          11           8          14           0           0
          25          11           9          10           0           0
          25          11           9          11           0           0
          25          11           9          12           0           0
          25          11           9          13           0           0
          24          11           0           0         436         547
          24          11           0           1         635         716
          24          11           0           2         528         616
          24          11           0           3         568         658
          24          11           0           4         669         765
          24          11           0           5         630         728
          24          11           0           6         580         680
          24          11           0           7         669         761
          24          11           0           8         564         652
          24          11           0           9         452         544
          24          11           0          10         418         506
          24          11           0          11         580         679
          24          11           4          10         535         645
          24          11           4          11         586         685
          24          11           4          12         543         646
          24          11           4          13         556         658
          24          11           4          14         406         509
          24          11           5           0         520         617
          24          11           5           1         586         675
          24          11           5           2         448         534
          24          11           5           3         519         634
          24          11           5           4         428         544
          24          11           1           0         281         434
          24          11           1           1         483         600
          24          11           1           2         452         577
          24          11           1           3         427         535
          24          11           1           4         513         613
          24          11           1           5         414         506
          24          11           1           6         486         589
          24          11           1           7         283         377
          24          11           1           8         421         516
          24          11           1           9         258         350
          24          11           1          10         457         560
          24          11           1          11         483         617
          24          11           4           5         500         633
          24          11           4           6         562         719
          24          11           4           7         574         741
          24          11           4           8         357         532
          24          11           4           9         595         754
          24          11           5           5         355         456
          24          11           5           6         396         498
          24          11           5           7         485         586
          24          11           5           8         561         661
          24          11           5           9         528         638
          24          11           2           0         327         436
          24          11           2           1         426         507
          24          11           2           2         340         443
          24          11           2           3         389         474
          24          11           2           4         419         504
          24          11           2           5         441         527
          24          11           2           6         515         616
          24          11           2           7         532         610
          24          11           2           8         598         676
          24          11           2           9         390         465
          24          11           2          10         435         514
          24          11           2          11         367         475
          24          11           4           0         509         664
          24          11           4           1         464         575
          24          11           4           2         312         422
          24          11           4           3         494         586
          24          11           4           4         369         453
          24          11           5          10         360         479
          24          11           5          11         315         415
          24          11           5          12         254         344
          24          11           5          13         406         501
          24          11           5          14         381         510
          24          11           3           0         581         717
          24          11           3           1         545         664
          24          11           3           2         538         677
          24          11           3           3         481         616
          24          11           3           4         538         691
          24          11           3           5         535         688
          24          11           3           6         599         766
          24          11           3           7         466         626
          24          11           3           8         384         540
          24          11           3           9         647         824
          24          11           3          10         436         594
          24          11           3          11         429         595
          24          11           6           0         455         570
          24          11           6           1         309         432
          24          11           6           2         493         643
          24          11           6           3         380         557
          24          11           6           4         299         504
          24          11           6           8         512         708
          24          11           6           9         437         611
          24          11           6          10         469         652
          24          11           6          11         505         672
          24          11           6          12         418         548
          24          11           7           0        1834        1901
          24          11           7           1         506         586
          24          11           7           2         476         562
          24          11           7           3         484         570
          24          11           7           4         501         571
          24          11           7           5        1298        1343
          24          11           7           6         655         734
          24          11           7           7         524         599
          24          11           7           8         514         601
          24          11           7           9         512         606
          24          11           7          10         481         569
          24          11           7          11         506         641
          24          11          11          10         466         562
          24          11          11          11         540         637
          24          11          11          12         361         463
          24          11          11          13         324         424
          24          11          11          14         435         536
          24          11          12           0        1208        1300
          24          11          12           1         474         587
          24          11          12           2         321         420
          24          11          12           3         314         408
          24          11          12           4         400         489
          24          11           8           0         599         717
          24          11           8           1         609         699
          24          11           8           2         514         607
          24          11           8           3         618         705
          24          11           8           4         549         630
          24          11           8           5         541         623
          24          11           8           6         621         702
          24          11           8           7         589         673
          24          11           8           8         510         588
          24          11           8           9         468         547
          24          11           8          10         591         671
          24          11           8          11         439         569
          24          11          11           5         577         693
          24          11          11           6         523         623
          24          11          11           7         435         533
          24          11          11           8         530         624
          24          11          11           9         515         611
          24          11          12           5         402         502
          24          11          12           6         325         409
          24          11          12           7         435         518
          24          11          12           8         560         658
          24          11          12           9         479         562
          24          11           9           0         404         641
          24          11           9           1         469         572
          24          11           9           2         425         521
          24          11           9           3         281         362
          24          11           9           4         383         457
          24          11           9           5         505         584
          24          11           9           6         475         570
          24          11           9           7         541         652
          24          11           9           8         368         448
          24          11           9           9         297         378
          24          11           9          10         550         651
          24          11           9          11         387         532
          24          11          11           0         318         436
          24          11          11           1         508         601
          24          11          11           2         507         614
          24          11          11           3         410         506
          24          11          11           4         440         547
          24          11          12          10         516         609
          24          11          12          11         508         596
          24          11          12          12         392         490
          24          11          12          13         278         374
          24          11          12          14         231         338
          24          11          10           0        1069        1181
          24          11          10           1        1031        1087
          24          11          10           2        1104        1154
          24          11          10           3         994        1053
          24          11          10           4        1125        1190
          24          11          10           5        1015        1074
          24          11          10           6         998        1061
          24          11          10           7        1111        1173
          24          11          10           8         433         536
          24          11          10           9         527         638
          24          11          10          10         387         503
          24          11          10          11         386         649
          24          11          13           0         490         617
          24          11          13           1         225         332
          24          11          13           2         482         617
          24          11          13           3         321         441
          24          11          13           4         196         338
          24          11          13           8         485         643
          24          11          13           9         412         568
          24          11          13          10         362         510
          24          11          13          11         443         550
          24          11          13          12         413         526
          24          11          14           0         455         616
          24          11          14           1         552         644
          24          11          14           2         552         654
          24          11          14           3         398         475
          24          11          14           4         660         737
          24          11          14           5         398         474
          24          11          14           6         475         558
          24          11          14           7         700         773
          24          11          14           8         700         773
          24          11          14           9         630         707
          24          11          14          10         706         786
          24          11          14          11         396         514
          24          11          18          10         427         587
          24          11          18          11         435         534
          24          11          18          12         540         646
          24          11          18          13         320         417
          24          11          18          14         479         591
          24          11          19           0         472         576
          24          11          19           1         462         540
          24          11          19           2         649         742
          24          11          19           3         524         605
          24          11          19           4         586         667
          24          11          15           0         517         651
          24          11          15           1         412         514
          24          11          15           2         623         748
          24          11          15           3         568         677
          24          11          15           4         444         535
          24          11          15           5         545         645
          24          11          15           6         386         493
          24          11          15           7         453         566
          24          11          15           8         486         609
          24          11          15           9         478         598
          24          11          15          10         567         669
          24          11          15          11         428         567
          24          11          18           5         506         613
          24          11          18           6         520         610
          24          11          18           7         547         627
          24          11          18           8         528         603
          24          11          18           9         483         567
          24          11          19           5         596         697
          24          11          19           6         502         610
          24          11          19           7         449         581
          24          11          19           8         557         688
          24          11          19           9         437         600
          24          11          16           0         379         494
          24          11          16           1         609         698
          24          11          16           2         558         646
          24          11          16           3         429         509
          24          11          16           4         415         491
          24          11          16           5         452         532
          24          11          16           6         570         667
          24          11          16           7         424         511
          24          11          16           8         652         736
          24          11          16           9         390         472
          24          11          16          10         584         677
          24          11          16          11         469         589
          24          11          18           0         584         682
          24          11          18           1         569         658
          24          11          18           2         499         581
          24          11          18           3         369         454
          24          11          18           4         545         625
          24          11          19          10         533         691
          24          11          19          11         363         499
          24          11          19          12         391         520
          24          11          19          13         427         530
          24          11          19          14         548         645
          24          11          17           0         572         710
          24          11          17           1         509         589
          24          11          17           2         387         498
          24          11          17           3         417         505
          24          11          17           4         531         626
          24          11          17           5         402         536
          24          11          17           6         471         575
          24          11          17           7         575         676
          24          11          17           8         611         725
          24          11          17           9         432         534
          24          11          17          10         641         746
          24          11          17          11         461         598
          24          11          20           0         435         526
          24          11          20           1         510         603
          24          11          20           2         393         478
          24          11          20           3         508         634
          24          11          20           4         458         550
          24          11          20           8         615         727
          24          11          20           9         562         675
          24          11          20          10         350         460
          24          11          20          11        1925        1943
          24          11          20          12         353         479
          24          11          21           0         377         731
          24          11          21           1         409         672
          24          11          21           2         612         878
          24          11          21           3         569         834
          24          11          21           4         661         932
          24          11          21           5         402         655
          24          11          21           6         600         861
          24          11          21           7         668         913
          24          11          21           8         546         756
          24          11          21           9         692         883
          24          11          21          10         676         842
          24          11          21          11         510         687
          24          11          25          10         229         522
          24          11          25          11         263         582
          24          11          25          12         375         712
          24          11          25          13         435         839
          24          11          25          14         238         555
          24          11          26           0         383         577
          24          11          26           1         429         695
          24          11          26           2         340         628
          24          11          26           3         367         624
          24          11          26           4         266         524
          24          11          22           0         416         706
          24          11          22           1         609         767
          24          11          22           2         528         656
          24          11          22           3         561         673
          24          11          22           4         504         603
          24          11          22           5         487         584
          24          11          22           6         400         502
          24          11          22           7         423         513
          24          11          22           8         559         653
          24          11          22           9         564         655
          24          11          22          10         424         529
          24          11          22          11         426         532
          24          11          25           5         327         402
          24          11          25           6         515         601
          24          11          25           7         517         602
          24          11          25           8         475         572
          24          11          25           9         426         526
          24          11          26           5         505         730
          24          11          26           6         508         624
          24          11          26           7         358         456
          24          11          26           8        1272        1362
          24          11          26           9         340         441
          24          11          23           0         547         903
          24          11          23           1         255         543
          24          11          23           2         458         736
          24          11          23           3         489         780
          24          11          23           4         316         655
          24          11          23           5         549         833
          24          11          23           6         436         708
          24          11          23           7         452         726
          24          11          23           8         557         856
          24          11          23           9         333         629
          24          11          23          10         562         883
          24          11          23          11         504         836
          24          11          25           0         473         833
          24          11          25           1         418         774
          24          11          25           2         441         772
          24          11          25           3         476         804
          24          11          25           4         431         771
          24          11          26          10         181         200
          24          11          26          11         255         712
          24          11          26          12         325         650
          24          11          26          13         396         734
          24          11          26          14         444         808
          24          11          24           0         611         852
          24          11          24           1         655         765
          24          11          24           2         476         599
          24          11          24           3         633         760
          24          11          24           4         581         704
          24          11          24           5         575         663
          24          11          24           6         556         695
          24          11          24           7         623         707
          24          11          24           8         584         673
          24          11          24           9         701         799
          24          11          24          10         601         699
          24          11          24          11         463         616
          24          11          27           0         433         580
          24          11          27           1         511         685
          24          11          27           2         341         513
          24          11          27           3         458         640
          24          11          27           4         525         702
          24          11          27           8         497         681
          24          11          27           9         470         650
          24          11          27          10         573         783
          24          11          27          11         502         684
          24          11          27          12         467         639
          24          11          28           0         685         825
          24          11          28           1         448         523
          24          11          28           2         689         775
          24          11          28           3         485         572
          24          11          28           4         540         625
          24          11          28           5         598         682
          24          11          28           6         573         660
          24          11          28           7         492         575
          24          11          28           8         503         587
          24          11          28           9         674         760
          24          11          28          10         694         776
          24          11          28          11         663         782
          24          11          32          10         509         703
          24          11          32          11         438         551
          24          11          32          12         360         475
          24          11          32          13         520         623
          24          11          32          14         577         682
          24          11          33           0         402         514
          24          11          33           1         454         547
          24          11          33           2         329         409
          24          11          33           3         393         505
          24          11          33           4         453         579
          24          11          29           0         429         612
          24          11          29           1         438         530
          24          11          29           2         603         704
          24          11          29           3         524         606
          24          11          29           4         563         637
          24          11          29           5         584         661
          24          11          29           6         708         801
          24          11          29           7         474         542
          24          11          29           8         682         756
          24          11          29           9         737         811
          24          11          29          10         687         762
          24          11          29          11         662         768
          24          11          32           5         330         416
          24          11          32           6         513         588
          24          11          32           7         541         617
          24          11          32           8         362         440
          24          11          32           9         507         608
          24          11          33           5        1082        1157
          24          11          33           6         458         569
          24          11          33           7         411         533
          24          11          33           8         271         384
          24          11          33           9         475         580
          24          11          30           0         489         717
          24          11          30           1         521         608
          24          11          30           2         407         503
          24          11          30           3         628         713
          24          11          30           4         598         675
          24          11          30           5         503         585
          24          11          30           6         608         716
          24          11          30           7         597         681
          24          11          30           8         645         743
          24          11          30           9         635         744
          24          11          30          10         592         708
          24          11          30          11         475         624
          24          11          32           0         384         491
          24          11          32           1         333         415
          24          11          32           2         586         688
          24          11          32           3         301         395
          24          11          32           4         541         649
          24          11          33          10         504         610
          24          11          33          11         524         623
          24          11          33          12         377         474
          24          11          33          13         635         736
          24          11          33          14         579         692
          24          11          31           0         505         803
          24          11          31           1         488         590
          24          11          31           2         540         638
          24          11          31           3         584         675
          24          11          31           4         434         522
          24          11          31           5         671         765
          24          11          31           6         461         559
          24          11          31           7         523         616
          24          11          31           8         556         642
          24          11          31           9         488         572
          24          11          31          10         441         520
          24          11          31          11         457         586
          24          11          34           0         483         693
          24          11          34           1         483         743
          24          11          34           2         397         643
          24          11          34           3         473         686
          24          11          34           4         325         530
          24          11          34           8         368         606
          24          11          34           9         517         786
          24          11          34          10         492         718
          24          11          34          11         373         635
          24          11          34          12         492         738
          24          11          35           0         387         529
          24          11          35           1         532         618
          24          11          35           2         381         490
          24          11          35           3         504         602
          24          11          35           4         669         785
          24          11          35           5         434         558
          24          11          35           6         633         765
          24          11          35           7         382         498
          24          11          35           8         471         588
          24          11          35           9         451         564
          24          11          35          10         605         713
          24          11          35          11         594         723
          24          11          39          10         438         609
          24          11          39          11         507         645
          24          11          39          12         488         600
          24          11          39          13         457         550
          24          11          39          14         405         507
          25          11           0           0         527         634
          25          11           0           1         535         650
          25          11           0           2         494         672
          25          11           0           3         457         638
          25          11           0           4         306         543
          24          11          36           0         422         602
          24          11          36           1         682         781
          24          11          36           2         616         709
          24          11          36           3         670         766
          24          11          36           4         505         592
          24          11          36           5         438         527
          24          11          36           6         495         622
          24          11          36           7         530         660
          24          11          36           8         551         678
          24          11          36           9         529         649
          24          11          36          10         657         775
          24          11          36          11         384         501
          24          11          39           5         421         577
          24          11          39           6         383         574
          24          11          39           7         628         866
          24          11          39           8         493         704
          24          11          39           9         517         753
          25          11           0           5         461         633
          25          11           0           6         520         644
          25          11           0           7         554         656
          25          11           0           8         414         512
          25          11           0           9         405         504
          24          11          37           0         333         514
          24          11          37           1         508         599
          24          11          37           2         510         607
          24          11          37           3         384         472
          24          11          37           4         431         522
          24          11          37           5         543         624
          24          11          37           6         449         548
          24          11          37           7         509         594
          24          11          37           8         410         488
          24          11          37           9         520         615
          24          11          37          10         458         548
          24          11          37          11         357         477
          24          11          39           0         467         562
          24          11          39           1         548         633
          24          11          39           2         484         593
          24          11          39           3         379         466
          24          11          39           4         531         632
          25          11           0          10         614         729
          25          11           0          11         535         655
          25          11           0          12         545         677
          25          11           0          13         503         639
          25          11           0          14         456         587
          24          11          38           0         570         719
          24          11          38           1         582         665
          24          11          38           2         468         571
          24          11          38           3         583         654
          24          11          38           4         517         611
          24          11          38           5         594         686
          24          11          38           6         406         502
          24          11          38           7         545         626
          24          11          38           8         488         571
          24          11          38           9         655         751
          24          11          38          10         479         561
          24          11          38          11         512         695
          25          11           1           0         388         517
          25          11           1           1         382         511
          25          11           1           2         498         629
          25          11           1           3         303         425
          25          11           1           4         493         619
          25          11           1           8         498         607
          25          11           1           9         411         515
          25          11           1          10         469         595
          25          11           1          11         523         631
          25          11           1          12         470         572
