#Mon Aug  1 15:24:32 2022
# Copy file into sbs-onl@sbsvtp3:~/cfg/pedestals for online pedestal subtraction
# format = crate, slot, mpd, adc_ch, CM min, CM max
          20          11           7           0         421         497
          20          11           7           1         449         589
          20          11           7           2         519         624
          20          11           7           3         484         673
          20          11           7           4         403         552
          20          11           7           5         222         336
          20          11           7           6         521         610
          20          11           7           7         407         537
          20          11           7           8         384         548
          20          11           7           9         490         611
          20          11           7          10         464         558
          20          11           7          11         484         571
          20          11           7          12         345         519
          20          11           7          13         368         478
          20          11           7          14         470         592
          20          11           8           0         264         386
          20          11           8           1         419         549
          20          11           8           2         471         565
          20          11           8           3         319         422
          20          11           8           4         265         465
          20          11           8           5         366         500
          20          11           8           6         480         592
          20          11           8           7         469         585
          20          11           8           8         418         527
          20          11           8           9         550         661
          20          11           8          10         283         377
          20          11           8          11         375         471
          20          11           8          12         320         516
          20          11           8          13         379         512
          20          11           8          14         410         508
          20          11           9           0         349         436
          20          11           9           1         530         620
          20          11           9           2         450         534
          20          11           9           3         384         448
          20          11           9           4         467         624
          20          11           9           5         422         541
          20          11           9           6         437         543
          20          11           9           7         416         612
          20          11           9           8         460         582
          20          11           9           9         297         396
          20          11           9          10         403         505
          20          11           9          11         485         629
          20          11           9          12         431         539
          20          11           9          13         392         476
          20          11           9          14         466         558
          20          11          10           0         256         351
          20          11          10           1         420         527
          20          11          10           2         298         388
          20          11          10           3         315         423
          20          11          10           4         223         325
          20          11          10           5         455         564
          20          11          10           6         285         392
          20          11          10           7         489         608
          20          11          10           8         444         550
          20          11          10           9         362         453
          20          11          10          10         508         595
          20          11          10          11         311         410
          20          11          10          12         490         585
          20          11          10          13         475         558
          20          11          10          14         424         543
          20          11          16           0         330         442
          20          11          16           1         362         476
          20          11          16           2         416         531
          20          11          16           3         399         542
          20          11          16           4         582         691
          20          11          16           5         487         613
          20          11          16           6         455         594
          20          11          16           7         500         680
          20          11          16           8         389         514
          20          11          16           9         556         678
          20          11          16          10         380         489
          20          11          16          11         520         648
          20          11          16          12         508         634
          20          11          16          13         465         591
          20          11          16          14         520         674
          20          11          17           0         454         569
          20          11          17           1         283         421
          20          11          17           2         471         592
          20          11          17           3         443         626
          20          11          17           4         475         600
          20          11          17           5         494         650
          20          11          17           6         561         688
          20          11          17           7         544         656
          20          11          17           8         457         612
          20          11          17           9         481         582
          20          11          17          10         522         623
          20          11          17          11         481         620
          20          11          17          12         506         661
          20          11          17          13         497         639
          20          11          17          14         310         463
          20          11          18           0         491         582
          20          11          18           1         370         466
          20          11          18           2         476         585
          20          11          18           3         476         619
          20          11          18           4         339         453
          20          11          18           5         379         507
          20          11          18           6         392         532
          20          11          18           7         472         627
          20          11          18           8         395         465
          20          11          18           9         384         536
          20          11          18          10         448         595
          20          11          18          11         435         611
          20          11          18          12         460         616
          20          11          18          13         371         499
          20          11          18          14         412         553
          20          11          19           0         321         445
          20          11          19           1         432         563
          20          11          19           2         401         558
          20          11          19           3         475         635
          20          11          19           4         333         460
          20          11          19           5         450         590
          20          11          19           6         442         568
          20          11          19           7         494         629
          20          11          19           8         454         579
          20          11          19           9         434         565
          20          11          19          10         417         541
          20          11          19          11         586         704
          20          11          19          12         390         533
          20          11          19          13         405         554
          20          11          19          14         447         614
          20          11          11           0         440         556
          20          11          11           1         483         668
          20          11          11           2         502         592
          20          11          11           3         461         626
          20          11          11           4         438         805
          20          11          11           5         503         655
          20          11          11           6         399         491
          20          11          11           7         347         508
          20          11          11           8         231         396
          20          11          11           9         447         566
          20          11          11          10         522         618
          20          11          11          11         315         440
          20          11          11          12         366         669
          20          11          11          13         397         605
          20          11          11          14         426         565
          20          11          12           0         457         586
          20          11          12           1         393         544
          20          11          12           2         446         565
          20          11          12           3         440         572
          20          11          12           4         336         529
          20          11          12           5         426         637
          20          11          12           6         434         639
          20          11          12           7         221         441
          20          11          12           8         390         494
          20          11          12           9         174         295
          20          11          12          10         302         418
          20          11          12          11         173         349
          20          11          12          12         432         624
          20          11          12          13         404         526
          20          11          12          14         378         483
          20          11          13           0         419         536
          20          11          13           1         464         559
          20          11          13           2         501         602
          20          11          13           3         424         549
          20          11          13           4         450         561
          20          11          13           5         461         558
          20          11          13           6         452         599
          20          11          13           7         327         618
          20          11          13           8         446         554
          20          11          13           9         523         647
          20          11          13          10         415         594
          20          11          13          11         360         612
          20          11          13          12         314         511
          20          11          13          13         348         604
          20          11          13          14         320         595
          20          11          14           0         414         558
          20          11          14           1         421         590
          20          11          14           2         387         550
          20          11          14           3         403         537
          20          11          14           4         464         613
          20          11          14           5         275         432
          20          11          14           6         453         641
          20          11          14           7         441         661
          20          11          14           8         424         583
          20          11          14           9         466         598
          20          11          14          10         442         603
          20          11          14          11         638         793
          20          11          14          12         449         665
          20          11          14          13         340         567
          20          11          14          14         351         610
          20          11          20           0         467         700
          20          11          20           1         506         767
          20          11          20           2         265         461
          20          11          20           3         230         539
          20          11          20           4         402         518
          20          11          20           5         411         654
          20          11          20           6         233         493
          20          11          20           7         138         463
          20          11          20           8         350         617
          20          11          20           9         466         730
          20          11          20          10         350         717
          20          11          20          11         402         727
          20          11          20          12         312         478
          20          11          20          13         326         528
          20          11          20          14         254         542
          20          11          21           0         294         471
          20          11          21           1         357         515
          20          11          21           2         482         615
          20          11          21           3         320         440
          20          11          21           4         219         384
          20          11          21           5         403         565
          20          11          21           6         357         498
          20          11          21           7         435         568
          20          11          21           8         459         568
          20          11          21           9         417         543
          20          11          21          10         398         505
          20          11          21          11         416         530
          20          11          21          12         335         478
          20          11          21          13         482         607
          20          11          21          14         404         539
          20          11          22           0         427         596
          20          11          22           1         305         486
          20          11          22           2         335         584
          20          11          22           3         215         465
          20          11          22           4         395         604
          20          11          22           5         249         476
          20          11          22           6         328         598
          20          11          22           7         352         671
          20          11          22           8         434         665
          20          11          22           9         217         456
          20          11          22          10         165         430
          20          11          22          11         282         652
          20          11          22          12         360         623
          20          11          22          13         315         615
          20          11          22          14         391         751
          20          11          23           0         394         558
          20          11          23           1         386         567
          20          11          23           2         407         588
          20          11          23           3         348         590
          20          11          23           4         431         597
          20          11          23           5         362         544
          20          11          23           6         429         622
          20          11          23           7         430         651
          20          11          23           8         452         598
          20          11          23           9         263         414
          20          11          23          10         430         608
          20          11          23          11         374         575
          20          11          23          12         356         541
          20          11          23          13         315         582
          20          11          23          14         294         677
          20          11           0           0         564         655
          20          11           0           1         649         718
          20          11           0           2         503         586
          20          11           0           3         597         673
          20          11           0           4         682         754
          20          11           0           5         476         546
          20          11           0           6         741         826
          20          11           0           7         738         809
          20          11           0           8         575         641
          20          11           0           9         547         651
          20          11           0          10         621         686
          20          11           0          11         764         846
          20          11           4          10         489         589
          20          11           4          11         456         533
          20          11           4          12         486         574
          20          11           4          13         473         548
          20          11           4          14         417         496
          20          11           5           0         493         570
          20          11           5           1         583         656
          20          11           5           2         546         616
          20          11           5           3         415         486
          20          11           5           4         575         649
          20          11           1           0         486         624
          20          11           1           1         664         744
          20          11           1           2         523         616
          20          11           1           3         480         555
          20          11           1           4         624         702
          20          11           1           5         644         724
          20          11           1           6         689         773
          20          11           1           7         641         720
          20          11           1           8         613         686
          20          11           1           9         609         680
          20          11           1          10         556         635
          20          11           1          11           0           0
          20          11           4           5         465         566
          20          11           4           6         475         557
          20          11           4           7         328         408
          20          11           4           8         482         571
          20          11           4           9         363         442
          20          11           5           5         495         596
          20          11           5           6         362         440
          20          11           5           7         487         575
          20          11           5           8         358         438
          20          11           5           9         617         710
          20          11           2           0         514         643
          20          11           2           1         521         596
          20          11           2           2         335         427
          20          11           2           3         407         488
          20          11           2           4         507         588
          20          11           2           5         529         615
          20          11           2           6         556         662
          20          11           2           7         419         509
          20          11           2           8         621         697
          20          11           2           9         715         792
          20          11           2          10         374         451
          20          11           2          11         601         709
          20          11           4           0         428         515
          20          11           4           1         510         587
          20          11           4           2         509         593
          20          11           4           3         546         627
          20          11           4           4         487         566
          20          11           5          10         444         562
          20          11           5          11         264         347
          20          11           5          12         255         333
          20          11           5          13         484         564
          20          11           5          14         490         574
          20          11           3           0         383         543
          20          11           3           1         407         477
          20          11           3           2         328         413
          20          11           3           3         354         434
          20          11           3           4         351         425
          20          11           3           5         460         540
          20          11           3           6         572         663
          20          11           3           7         501         576
          20          11           3           8         567         641
          20          11           3           9         517         588
          20          11           3          10         639         711
          20          11           3          11         555         649
          20          11           6           0         583         681
          20          11           6           1         673         759
          20          11           6           2         494         614
          20          11           6           3         669         759
          20          11           6           4         622         701
          20          11           6           8         454         540
          20          11           6           9         385         465
          20          11           6          10         405         508
          20          11           6          11         418         511
          20          11           6          12         451         541
