#Thu Jun 30 11:01:36 2022
# Copy file into sbs-onl@sbsvtp3:~/cfg/pedestals for online pedestal subtraction
# format = crate, slot, mpd, adc_ch, CM min, CM max
          20          11           7           0         422         498
          20          11           7           1         452         590
          20          11           7           2         520         627
          20          11           7           3         487         671
          20          11           7           4         402         557
          20          11           7           5         222         334
          20          11           7           6         520         612
          20          11           7           7         404         541
          20          11           7           8         384         553
          20          11           7           9         493         612
          20          11           7          10         467         559
          20          11           7          11         482         573
          20          11           7          12         342         522
          20          11           7          13         370         475
          20          11           7          14         469         596
          20          11           8           0         264         385
          20          11           8           1         422         548
          20          11           8           2         476         564
          20          11           8           3         324         420
          20          11           8           4         261         466
          20          11           8           5         367         500
          20          11           8           6         484         593
          20          11           8           7         474         584
          20          11           8           8         419         527
          20          11           8           9         552         660
          20          11           8          10         284         376
          20          11           8          11         380         473
          20          11           8          12         314         523
          20          11           8          13         381         514
          20          11           8          14         412         507
          20          11           9           0         347         440
          20          11           9           1         532         621
          20          11           9           2         452         534
          20          11           9           3         385         447
          20          11           9           4         466         628
          20          11           9           5         422         541
          20          11           9           6         436         546
          20          11           9           7         405         627
          20          11           9           8         461         582
          20          11           9           9         299         397
          20          11           9          10         402         506
          20          11           9          11         480         636
          20          11           9          12         431         542
          20          11           9          13         393         476
          20          11           9          14         464         559
          20          11          10           0         257         350
          20          11          10           1         421         528
          20          11          10           2         298         389
          20          11          10           3         311         427
          20          11          10           4         223         324
          20          11          10           5         456         566
          20          11          10           6         284         392
          20          11          10           7         492         613
          20          11          10           8         448         552
          20          11          10           9         362         454
          20          11          10          10         510         596
          20          11          10          11         314         408
          20          11          10          12         493         585
          20          11          10          13         476         559
          20          11          10          14         420         549
          20          11          16           0         328         443
          20          11          16           1         362         476
          20          11          16           2         422         528
          20          11          16           3         400         541
          20          11          16           4         668         781
          20          11          16           5         574         702
          20          11          16           6         542         683
          20          11          16           7         583         767
          20          11          16           8         390         516
          20          11          16           9         561         680
          20          11          16          10         383         487
          20          11          16          11         524         645
          20          11          16          12         505         637
          20          11          16          13         465         588
          20          11          16          14         520         676
          20          11          17           0         458         567
          20          11          17           1         287         414
          20          11          17           2         481         581
          20          11          17           3         461         609
          20          11          17           4         479         590
          20          11          17           5         507         632
          20          11          17           6         573         673
          20          11          17           7         548         645
          20          11          17           8         469         597
          20          11          17           9         481         577
          20          11          17          10         519         623
          20          11          17          11         477         616
          20          11          17          12         515         655
          20          11          17          13         509         628
          20          11          17          14         320         454
          20          11          18           0         491         583
          20          11          18           1         368         470
          20          11          18           2         471         593
          20          11          18           3         470         629
          20          11          18           4         338         455
          20          11          18           5         379         509
          20          11          18           6         391         535
          20          11          18           7         469         632
          20          11          18           8         395         466
          20          11          18           9         386         537
          20          11          18          10         453         596
          20          11          18          11         436         613
          20          11          18          12         461         622
          20          11          18          13         373         499
          20          11          18          14         415         553
          20          11          19           0         326         442
          20          11          19           1         441         558
          20          11          19           2         411         552
          20          11          19           3         483         633
          20          11          19           4         341         452
          20          11          19           5         461         580
          20          11          19           6         453         562
          20          11          19           7         503         625
          20          11          19           8         460         574
          20          11          19           9         443         561
          20          11          19          10         426         535
          20          11          19          11         593         700
          20          11          19          12         393         531
          20          11          19          13         410         551
          20          11          19          14         450         613
          20          11          11           0         468         530
          20          11          11           1         522         633
          20          11          11           2         507         589
          20          11          11           3         492         600
          20          11          11           4         476         772
          20          11          11           5         520         641
          20          11          11           6         392         498
          20          11          11           7         338         518
          20          11          11           8         231         397
          20          11          11           9         447         569
          20          11          11          10         523         619
          20          11          11          11         319         434
          20          11          11          12         371         668
          20          11          11          13         397         608
          20          11          11          14         428         567
          20          11          12           0         444         601
          20          11          12           1         384         555
          20          11          12           2         443         571
          20          11          12           3         445         572
          20          11          12           4         329         536
          20          11          12           5         425         642
          20          11          12           6         438         637
          20          11          12           7         231         433
          20          11          12           8         386         498
          20          11          12           9         173         298
          20          11          12          10         307         416
          20          11          12          11         185         340
          20          11          12          12         417         643
          20          11          12          13         395         536
          20          11          12          14         375         487
          20          11          13           0         389         571
          20          11          13           1         465         559
          20          11          13           2         511         595
          20          11          13           3         442         532
          20          11          13           4         455         555
          20          11          13           5         459         562
          20          11          13           6         439         616
          20          11          13           7         300         648
          20          11          13           8         452         552
          20          11          13           9         531         642
          20          11          13          10         423         591
          20          11          13          11         358         615
          20          11          13          12         345         484
          20          11          13          13         382         578
          20          11          13          14         341         580
          20          11          14           0         435         542
          20          11          14           1         444         572
          20          11          14           2         407         532
          20          11          14           3         415         528
          20          11          14           4         481         594
          20          11          14           5         288         416
          20          11          14           6         469         625
          20          11          14           7         456         648
          20          11          14           8         438         566
          20          11          14           9         474         587
          20          11          14          10         450         593
          20          11          14          11         510         680
          20          11          14          12         474         633
          20          11          14          13         359         536
          20          11          14          14         367         585
          20          11          20           0         477         704
          20          11          20           1         517         770
          20          11          20           2         272         462
          20          11          20           3         233         544
          20          11          20           4         408         524
          20          11          20           5         411         663
          20          11          20           6         235         499
          20          11          20           7         134         460
          20          11          20           8         351         626
          20          11          20           9         469         738
          20          11          20          10         346         730
          20          11          20          11         402         734
          20          11          20          12         312         485
          20          11          20          13         320         537
          20          11          20          14         248         551
          20          11          21           0         299         474
          20          11          21           1         359         521
          20          11          21           2         482         623
          20          11          21           3         318         452
          20          11          21           4         235         389
          20          11          21           5         417         574
          20          11          21           6         374         503
          20          11          21           7         452         576
          20          11          21           8         471         583
          20          11          21           9         429         555
          20          11          21          10         412         515
          20          11          21          11         430         534
          20          11          21          12         333         487
          20          11          21          13         465         634
          20          11          21          14         386         563
          20          11          22           0         429         594
          20          11          22           1         306         484
          20          11          22           2         336         581
          20          11          22           3         213         463
          20          11          22           4         394         604
          20          11          22           5         249         471
          20          11          22           6         333         591
          20          11          22           7         360         664
          20          11          22           8         434         666
          20          11          22           9         220         450
          20          11          22          10         171         421
          20          11          22          11         261         673
          20          11          22          12         347         639
          20          11          22          13         307         625
          20          11          22          14         390         758
          20          11          23           0         393         567
          20          11          23           1         380         577
          20          11          23           2         401         601
          20          11          23           3         338         602
          20          11          23           4         425         602
          20          11          23           5         356         552
          20          11          23           6         423         633
          20          11          23           7         424         661
          20          11          23           8         451         597
          20          11          23           9         258         415
          20          11          23          10         427         611
          20          11          23          11         369         579
          20          11          23          12         345         551
          20          11          23          13         303         595
          20          11          23          14         282         691
          20          11           0           0         564         655
          20          11           0           1         649         719
          20          11           0           2         502         587
          20          11           0           3         598         676
          20          11           0           4         684         756
          20          11           0           5         476         548
          20          11           0           6         744         831
          20          11           0           7         742         813
          20          11           0           8         576         643
          20          11           0           9         548         652
          20          11           0          10         622         688
          20          11           0          11         767         850
          20          11           4          10         488         588
          20          11           4          11         456         533
          20          11           4          12         487         573
          20          11           4          13         474         547
          20          11           4          14         417         497
          20          11           5           0         489         566
          20          11           5           1         580         655
          20          11           5           2         541         611
          20          11           5           3         412         483
          20          11           5           4         571         646
          20          11           1           0         485         627
          20          11           1           1         663         747
          20          11           1           2         523         616
          20          11           1           3         480         555
          20          11           1           4         625         703
          20          11           1           5         646         725
          20          11           1           6         691         773
          20          11           1           7         644         721
          20          11           1           8         615         685
          20          11           1           9         611         680
          20          11           1          10         558         635
          20          11           1          11           0           0
          20          11           4           5         468         569
          20          11           4           6         482         559
          20          11           4           7         336         409
          20          11           4           8         491         574
          20          11           4           9         369         445
          20          11           5           5         499         590
          20          11           5           6         358         438
          20          11           5           7         484         575
          20          11           5           8         355         434
          20          11           5           9         618         707
          20          11           2           0         515         644
          20          11           2           1         522         597
          20          11           2           2         335         426
          20          11           2           3         407         488
          20          11           2           4         507         590
          20          11           2           5         529         616
          20          11           2           6         558         663
          20          11           2           7         421         509
          20          11           2           8         624         699
          20          11           2           9         717         794
          20          11           2          10         373         450
          20          11           2          11         603         710
          20          11           4           0         427         515
          20          11           4           1         510         588
          20          11           4           2         510         594
          20          11           4           3         548         629
          20          11           4           4         488         568
          20          11           5          10         452         558
          20          11           5          11         262         345
          20          11           5          12         252         333
          20          11           5          13         482         567
          20          11           5          14         488         575
          20          11           3           0         390         535
          20          11           3           1         407         477
          20          11           3           2         328         412
          20          11           3           3         353         432
          20          11           3           4         353         426
          20          11           3           5         462         540
          20          11           3           6         574         664
          20          11           3           7         503         576
          20          11           3           8         569         643
          20          11           3           9         518         587
          20          11           3          10         643         711
          20          11           3          11         557         648
          20          11           6           0         636         734
          20          11           6           1         714         828
          20          11           6           2         540         669
          20          11           6           3         725         811
          20          11           6           4         669         756
          20          11           6           8         458         537
          20          11           6           9         389         461
          20          11           6          10         410         501
          20          11           6          11         422         508
          20          11           6          12         453         540
