#Mon Nov 13 15:37:20 2023
# Copy file into sbs-onl@sbsvtp#:~/cfg/pedestals for online pedestal subtraction
# format = crate, slot, mpd, adc_ch, CM min, CM max
          20          11           7           0         416         506
          20          11           7           1         435         609
          20          11           7           2         508         642
          20          11           7           3         478         683
          20          11           7           4         397         565
          20          11           7           5         215         348
          20          11           7           6         504         627
          20          11           7           7         379         563
          20          11           7           8         379         557
          20          11           7           9         483         621
          20          11           7          10         450         571
          20          11           7          11         458         596
          20          11           7          12         334         536
          20          11           7          13         354         497
          20          11           7          14         438         625
          20          11           8           0         271         407
          20          11           8           1         413         560
          20          11           8           2         451         581
          20          11           8           3         302         445
          20          11           8           4         262         487
          20          11           8           5         356         511
          20          11           8           6         468         609
          20          11           8           7         452         593
          20          11           8           8         402         546
          20          11           8           9         535         666
          20          11           8          10         272         380
          20          11           8          11         361         466
          20          11           8          12         323         537
          20          11           8          13         373         535
          20          11           8          14         393         539
          20          11           9           0         351         448
          20          11           9           1         522         628
          20          11           9           2         441         540
          20          11           9           3         381         453
          20          11           9           4         456         646
          20          11           9           5         417         554
          20          11           9           6         431         553
          20          11           9           7         414         615
          20          11           9           8         452         601
          20          11           9           9         291         413
          20          11           9          10         393         515
          20          11           9          11         479         632
          20          11           9          12         418         569
          20          11           9          13         380         502
          20          11           9          14         456         576
          20          11          10           0         190         396
          20          11          10           1         366         557
          20          11          10           2         252         406
          20          11          10           3        1166        1253
          20          11          10           4         194         328
          20          11          10           5         422         568
          20          11          10           6         252         394
          20          11          10           7         462         602
          20          11          10           8         428         535
          20          11          10           9         344         440
          20          11          10          10         484         587
          20          11          10          11         287         407
          20          11          10          12         452         595
          20          11          10          13         446         560
          20          11          10          14         397         538
          20          11          16           0         309         462
          20          11          16           1         339         500
          20          11          16           2         396         545
          20          11          16           3         390         548
          20          11          16           4         719         902
          20          11          16           5         608         841
          20          11          16           6         563         834
          20          11          16           7         576         931
          20          11          16           8         373         531
          20          11          16           9         543         688
          20          11          16          10         372         497
          20          11          16          11         502         659
          20          11          16          12         495         645
          20          11          16          13         448         605
          20          11          16          14         487         701
          20          11          17           0         438         554
          20          11          17           1         273         410
          20          11          17           2         460         578
          20          11          17           3         770         842
          20          11          17           4         610         733
          20          11          17           5         636         770
          20          11          17           6         705         815
          20          11          17           7         674         796
          20          11          17           8         612         738
          20          11          17           9         627         738
          20          11          17          10         646         794
          20          11          17          11         596         786
          20          11          17          12         494         652
          20          11          17          13         490         632
          20          11          17          14         298         461
          20          11          18           0         472         596
          20          11          18           1         353         479
          20          11          18           2         456         598
          20          11          18           3         451         637
          20          11          18           4         330         462
          20          11          18           5         361         526
          20          11          18           6         362         560
          20          11          18           7         439         656
          20          11          18           8         390         469
          20          11          18           9         361         557
          20          11          18          10         402         636
          20          11          18          11         370         669
          20          11          18          12         454         617
          20          11          18          13         363         502
          20          11          18          14         393         566
          20          11          19           0         317         449
          20          11          19           1         429         569
          20          11          19           2         390         572
          20          11          19           3         455         654
          20          11          19           4         335         454
          20          11          19           5         451         586
          20          11          19           6         441         570
          20          11          19           7         486         635
          20          11          19           8         456         574
          20          11          19           9         437         558
          20          11          19          10         419         538
          20          11          19          11         578         706
          20          11          19          12         387         531
          20          11          19          13         397         562
          20          11          19          14         429         627
          20          11          11           0         461         527
          20          11          11           1         515         624
          20          11          11           2         495         593
          20          11          11           3         491         587
          20          11          11           4         549         691
          20          11          11           5         523         629
          20          11          11           6         390         496
          20          11          11           7         353         497
          20          11          11           8         263         362
          20          11          11           9         440         566
          20          11          11          10         500         627
          20          11          11          11         301         447
          20          11          11          12         426         601
          20          11          11          13         415         586
          20          11          11          14         413         565
          20          11          12           0         439         586
          20          11          12           1         440         591
          20          11          12           2         414         562
          20          11          12           3         445         605
          20          11          12           4         368         494
          20          11          12           5         452         608
          20          11          12           6         466         601
          20          11          12           7         255         408
          20          11          12           8         303         575
          20          11          12           9         140         336
          20          11          12          10         301         422
          20          11          12          11         212         319
          20          11          12          12         480         614
          20          11          12          13         312         446
          20          11          12          14         507         637
          20          11          13           0         417         533
          20          11          13           1         467         553
          20          11          13           2         509         591
          20          11          13           3         448         521
          20          11          13           4         455         555
          20          11          13           5         453         565
          20          11          13           6         456         593
          20          11          13           7         366         579
          20          11          13           8         447         552
          20          11          13           9         524         642
          20          11          13          10         428         581
          20          11          13          11         388         583
          20          11          13          12         313         515
          20          11          13          13         357         596
          20          11          13          14         342         574
          20          11          14           0         379         592
          20          11          14           1         395         618
          20          11          14           2         368         567
          20          11          14           3         398         540
          20          11          14           4         424         692
          20          11          14           5         249         501
          20          11          14           6         435         700
          20          11          14           7         433         709
          20          11          14           8         354         705
          20          11          14           9         470         740
          20          11          14          10         408         656
          20          11          14          11         365         677
          20          11          14          12         430         683
          20          11          14          13         327         574
          20          11          14          14         358         605
          20          11          20           0         474         721
          20          11          20           1         496         787
          20          11          20           2         250         494
          20          11          20           3         212         591
          20          11          20           4         355         598
          20          11          20           5         265         824
          20          11          20           6         166         588
          20          11          20           7        1062        1324
          20          11          20           8         302         699
          20          11          20           9         422         787
          20          11          20          10         303         785
          20          11          20          11         371         786
          20          11          20          12         272         573
          20          11          20          13         273         624
          20          11          20          14         204         630
          20          11          21           0         279         492
          20          11          21           1         335         542
          20          11          21           2         454         646
          20          11          21           3         287         482
          20          11          21           4         227         405
          20          11          21           5         394         595
          20          11          21           6         365         516
          20          11          21           7         439         594
          20          11          21           8         454         596
          20          11          21           9         421         562
          20          11          21          10         409         518
          20          11          21          11         429         538
          20          11          21          12         311         519
          20          11          21          13         432         669
          20          11          21          14         353         604
          20          11          22           0         427         630
          20          11          22           1         308         517
          20          11          22           2         351         602
          20          11          22           3         238         476
          20          11          22           4         351         651
          20          11          22           5         211         518
          20          11          22           6         295         636
          20          11          22           7         322         702
          20          11          22           8         301         623
          20          11          22           9         392         758
          20          11          22          10         331         696
          20          11          22          11         371         679
          20          11          22          12         305         674
          20          11          22          13         266         663
          20          11          22          14         344         794
          20          11          23           0         369         588
          20          11          23           1         352         602
          20          11          23           2         367         624
          20          11          23           3         299         636
          20          11          23           4         451         657
          20          11          23           5         378         611
          20          11          23           6         436         689
          20          11          23           7         437         721
          20          11          23           8         456         616
          20          11          23           9         268         435
          20          11          23          10         430         630
          20          11          23          11         372         599
          20          11          23          12         313         579
          20          11          23          13         263         638
          20          11          23          14         228         741
          20          11           0           0         545         646
          20          11           0           1         586         655
          20          11           0           2         579         665
          20          11           0           3         616         683
          20          11           0           4         571         639
          20          11           0           5         497         569
          20          11           0           6         593         687
          20          11           0           7         645         711
          20          11           0           8         601         662
          20          11           0           9         630         698
          20          11           0          10         597         665
          20          11           0          11         503         583
          20          11           4          10         501         589
          20          11           4          11         441         549
          20          11           4          12         493         574
          20          11           4          13         475         558
          20          11           4          14         452         537
          20          11           5           0         605         692
          20          11           5           1         592         701
          20          11           5           2         563         637
          20          11           5           3         536         611
          20          11           5           4         514         592
          20          11           1           0         486         607
          20          11           1           1         654         730
          20          11           1           2         515         603
          20          11           1           3         475         547
          20          11           1           4         606         682
          20          11           1           5         628         705
          20          11           1           6         671         752
          20          11           1           7         621         694
          20          11           1           8         592         661
          20          11           1           9         590         658
          20          11           1          10         539         616
          20          11           1          11           0           0
          20          11           4           5         450         545
          20          11           4           6         462         533
          20          11           4           7         320         387
          20          11           4           8         472         548
          20          11           4           9         352         425
          20          11           5           5         496         581
          20          11           5           6         355         432
          20          11           5           7         479         561
          20          11           5           8         352         419
          20          11           5           9         609         687
          20          11           2           0         511         645
          20          11           2           1         521         594
          20          11           2           2         337         426
          20          11           2           3         409         487
          20          11           2           4         507         585
          20          11           2           5         529         611
          20          11           2           6         558         658
          20          11           2           7         427         501
          20          11           2           8         620         694
          20          11           2           9         714         786
          20          11           2          10         375         447
          20          11           2          11         602         701
          20          11           4           0         430         516
          20          11           4           1         510         586
          20          11           4           2         508         590
          20          11           4           3         545         623
          20          11           4           4         490         565
          20          11           5          10         466         554
          20          11           5          11         267         345
          20          11           5          12         257         333
          20          11           5          13         483         562
          20          11           5          14         487         569
          20          11           3           0         389         525
          20          11           3           1         403         471
          20          11           3           2         326         409
          20          11           3           3         351         427
          20          11           3           4         349         419
          20          11           3           5         458         534
          20          11           3           6         569         657
          20          11           3           7         497         568
          20          11           3           8         565         636
          20          11           3           9         513         581
          20          11           3          10         637         702
          20          11           3          11         555         640
          20          11           6           0         569         654
          20          11           6           1         649         742
          20          11           6           2         473         599
          20          11           6           3         650         735
          20          11           6           4         595         687
          20          11           6           8         455         531
          20          11           6           9         389         457
          20          11           6          10         413         495
          20          11           6          11         423         502
          20          11           6          12         452         534
