#Thu Aug 25 15:59:08 2022
# Copy file into sbs-onl@sbsvtp3:~/cfg/pedestals for online pedestal subtraction
# format = crate, slot, mpd, adc_ch, CM min, CM max
          20          11           7           0         416         498
          20          11           7           1         446         589
          20          11           7           2         517         621
          20          11           7           3         481         666
          20          11           7           4         404         550
          20          11           7           5         225         334
          20          11           7           6         518         608
          20          11           7           7         403         537
          20          11           7           8         386         542
          20          11           7           9         494         606
          20          11           7          10         464         552
          20          11           7          11         479         571
          20          11           7          12         347         514
          20          11           7          13         367         476
          20          11           7          14         460         599
          20          11           8           0         266         382
          20          11           8           1         418         542
          20          11           8           2         469         559
          20          11           8           3         318         419
          20          11           8           4         269         456
          20          11           8           5         367         494
          20          11           8           6         481         585
          20          11           8           7         471         579
          20          11           8           8         417         523
          20          11           8           9         549         656
          20          11           8          10         284         375
          20          11           8          11         376         470
          20          11           8          12         318         516
          20          11           8          13         378         510
          20          11           8          14         406         507
          20          11           9           0         350         431
          20          11           9           1         528         616
          20          11           9           2         447         532
          20          11           9           3         379         450
          20          11           9           4         464         625
          20          11           9           5         419         540
          20          11           9           6         436         540
          20          11           9           7         415         606
          20          11           9           8         459         579
          20          11           9           9         296         395
          20          11           9          10         401         502
          20          11           9          11         479         627
          20          11           9          12         429         539
          20          11           9          13         391         474
          20          11           9          14         464         554
          20          11          10           0         259         355
          20          11          10           1         421         528
          20          11          10           2         299         387
          20          11          10           3         313         422
          20          11          10           4         222         323
          20          11          10           5         454         560
          20          11          10           6         285         388
          20          11          10           7         489         604
          20          11          10           8         440         548
          20          11          10           9         361         452
          20          11          10          10         508         591
          20          11          10          11         313         407
          20          11          10          12         490         581
          20          11          10          13         475         555
          20          11          10          14         422         541
          20          11          16           0         330         441
          20          11          16           1         363         476
          20          11          16           2         418         528
          20          11          16           3         402         539
          20          11          16           4         744         850
          20          11          16           5         652         770
          20          11          16           6         620         751
          20          11          16           7         657         826
          20          11          16           8         388         514
          20          11          16           9         554         677
          20          11          16          10         380         490
          20          11          16          11         520         645
          20          11          16          12         505         636
          20          11          16          13         461         591
          20          11          16          14         519         674
          20          11          17           0         454         566
          20          11          17           1         285         420
          20          11          17           2         469         589
          20          11          17           3         442         625
          20          11          17           4         474         606
          20          11          17           5         495         655
          20          11          17           6         561         694
          20          11          17           7         541         663
          20          11          17           8         461         614
          20          11          17           9         484         585
          20          11          17          10         525         625
          20          11          17          11         486         618
          20          11          17          12         498         662
          20          11          17          13         493         639
          20          11          17          14         311         462
          20          11          18           0         490         578
          20          11          18           1         370         463
          20          11          18           2         476         580
          20          11          18           3         475         615
          20          11          18           4         338         453
          20          11          18           5         379         505
          20          11          18           6         393         529
          20          11          18           7         473         623
          20          11          18           8         395         463
          20          11          18           9         386         531
          20          11          18          10         452         586
          20          11          18          11         443         600
          20          11          18          12         464         610
          20          11          18          13         373         493
          20          11          18          14         416         549
          20          11          19           0         319         444
          20          11          19           1         431         560
          20          11          19           2         401         555
          20          11          19           3         474         630
          20          11          19           4         331         456
          20          11          19           5         448         587
          20          11          19           6         440         565
          20          11          19           7         492         627
          20          11          19           8         453         575
          20          11          19           9         433         561
          20          11          19          10         416         540
          20          11          19          11         581         701
          20          11          19          12         390         527
          20          11          19          13         407         549
          20          11          19          14         449         609
          20          11          11           0         437         555
          20          11          11           1         482         661
          20          11          11           2         502         589
          20          11          11           3         459         622
          20          11          11           4         439         800
          20          11          11           5         512         642
          20          11          11           6         401         487
          20          11          11           7         330         522
          20          11          11           8         230         396
          20          11          11           9         448         562
          20          11          11          10         518         616
          20          11          11          11         304         445
          20          11          11          12         369         664
          20          11          11          13         406         595
          20          11          11          14         436         551
          20          11          12           0         454         585
          20          11          12           1         395         538
          20          11          12           2         453         555
          20          11          12           3         449         559
          20          11          12           4         334         530
          20          11          12           5         433         630
          20          11          12           6         446         626
          20          11          12           7         240         423
          20          11          12           8         389         492
          20          11          12           9         181         291
          20          11          12          10         311         410
          20          11          12          11         184         340
          20          11          12          12         425         629
          20          11          12          13         407         522
          20          11          12          14         383         475
          20          11          13           0         423         528
          20          11          13           1         459         557
          20          11          13           2         497         600
          20          11          13           3         417         553
          20          11          13           4         445         561
          20          11          13           5         461         556
          20          11          13           6         455         595
          20          11          13           7         328         618
          20          11          13           8         449         550
          20          11          13           9         524         643
          20          11          13          10         415         595
          20          11          13          11         355         617
          20          11          13          12         330         494
          20          11          13          13         360         591
          20          11          13          14         325         592
          20          11          14           0         420         549
          20          11          14           1         426         583
          20          11          14           2         390         544
          20          11          14           3         401         535
          20          11          14           4         468         605
          20          11          14           5         278         428
          20          11          14           6         456         638
          20          11          14           7         442         661
          20          11          14           8         436         569
          20          11          14           9         469         593
          20          11          14          10         441         603
          20          11          14          11         474         670
          20          11          14          12         459         652
          20          11          14          13         343         562
          20          11          14          14         349         613
          20          11          20           0         459         704
          20          11          20           1         500         771
          20          11          20           2         258         472
          20          11          20           3         223         552
          20          11          20           4         355         560
          20          11          20           5         338         720
          20          11          20           6         197         528
          20          11          20           7        1064        1288
          20          11          20           8         324         638
          20          11          20           9         454         735
          20          11          20          10         357         707
          20          11          20          11         407         720
          20          11          20          12         277         518
          20          11          20          13         297         557
          20          11          20          14         247         553
          20          11          21           0         291         473
          20          11          21           1         358         516
          20          11          21           2         481         616
          20          11          21           3         318         445
          20          11          21           4         239         387
          20          11          21           5         416         570
          20          11          21           6         376         502
          20          11          21           7         452         574
          20          11          21           8         466         576
          20          11          21           9         429         550
          20          11          21          10         408         514
          20          11          21          11         427         536
          20          11          21          12         334         482
          20          11          21          13         479         614
          20          11          21          14         397         549
          20          11          22           0         425         588
          20          11          22           1         303         480
          20          11          22           2         330         575
          20          11          22           3         211         462
          20          11          22           4         393         599
          20          11          22           5         253         469
          20          11          22           6         332         591
          20          11          22           7         356         663
          20          11          22           8         430         660
          20          11          22           9         220         447
          20          11          22          10         172         419
          20          11          22          11         293         632
          20          11          22          12         346         631
          20          11          22          13         308         614
          20          11          22          14         389         746
          20          11          23           0         387         563
          20          11          23           1         376         572
          20          11          23           2         396         593
          20          11          23           3         336         595
          20          11          23           4         428         604
          20          11          23           5         356         554
          20          11          23           6         420         633
          20          11          23           7         420         663
          20          11          23           8         453         598
          20          11          23           9         263         421
          20          11          23          10         425         615
          20          11          23          11         367         586
          20          11          23          12         348         545
          20          11          23          13         308         586
          20          11          23          14         292         677
          20          11           0           0         560         648
          20          11           0           1         644         711
          20          11           0           2         499         582
          20          11           0           3         594         669
          20          11           0           4         679         749
          20          11           0           5         473         542
          20          11           0           6         735         820
          20          11           0           7         731         802
          20          11           0           8         572         637
          20          11           0           9         545         645
          20          11           0          10         618         682
          20          11           0          11         757         838
          20          11           4          10         486         588
          20          11           4          11         452         531
          20          11           4          12         484         570
          20          11           4          13         471         544
          20          11           4          14         415         492
          20          11           5           0         490         565
          20          11           5           1         578         651
          20          11           5           2         542         610
          20          11           5           3         415         484
          20          11           5           4         571         644
          20          11           1           0         482         622
          20          11           1           1         660         741
          20          11           1           2         523         614
          20          11           1           3         480         555
          20          11           1           4         624         700
          20          11           1           5         644         720
          20          11           1           6         688         768
          20          11           1           7         641         716
          20          11           1           8         613         682
          20          11           1           9         609         677
          20          11           1          10         556         633
          20          11           1          11           0           0
          20          11           4           5         460         557
          20          11           4           6         473         545
          20          11           4           7         331         399
          20          11           4           8         482         560
          20          11           4           9         363         436
          20          11           5           5         498         592
          20          11           5           6         364         441
          20          11           5           7         485         574
          20          11           5           8         356         442
          20          11           5           9         617         707
          20          11           2           0         514         641
          20          11           2           1         521         595
          20          11           2           2         337         426
          20          11           2           3         408         487
          20          11           2           4         506         586
          20          11           2           5         529         612
          20          11           2           6         556         659
          20          11           2           7         421         508
          20          11           2           8         620         695
          20          11           2           9         714         789
          20          11           2          10         374         450
          20          11           2          11         600         703
          20          11           4           0         426         512
          20          11           4           1         507         583
          20          11           4           2         505         589
          20          11           4           3         543         623
          20          11           4           4         486         564
          20          11           5          10         451         552
          20          11           5          11         265         346
          20          11           5          12         256         334
          20          11           5          13         483         564
          20          11           5          14         487         571
          20          11           3           0         390         534
          20          11           3           1         406         475
          20          11           3           2         329         412
          20          11           3           3         354         430
          20          11           3           4         352         423
          20          11           3           5         461         536
          20          11           3           6         572         660
          20          11           3           7         500         572
          20          11           3           8         566         638
          20          11           3           9         517         585
          20          11           3          10         638         706
          20          11           3          11         555         643
          20          11           6           0         640         737
          20          11           6           1         730         814
          20          11           6           2         557         663
          20          11           6           3         718         823
          20          11           6           4         673         760
          20          11           6           8         455         531
          20          11           6           9         389         459
          20          11           6          10         410         498
          20          11           6          11         422         504
          20          11           6          12         451         534
