#Tue Apr 23 16:30:59 2024
# Copy file into sbs-onl@sbsvtp#:~/cfg/pedestals for online pedestal subtraction
# format = crate, slot, mpd, adc_ch, CM min, CM max
          20          11           7           0         426         503
          20          11           7           1         456         597
          20          11           7           2         529         629
          20          11           7           3         509         660
          20          11           7           4         412         552
          20          11           7           5         225         340
          20          11           7           6         528         615
          20          11           7           7         413         537
          20          11           7           8         400         542
          20          11           7           9         499         613
          20          11           7          10         471         564
          20          11           7          11         484         581
          20          11           7          12         363         513
          20          11           7          13         375         481
          20          11           7          14         467         608
          20          11           8           0         290         392
          20          11           8           1         434         550
          20          11           8           2         479         565
          20          11           8           3         331         420
          20          11           8           4         288         467
          20          11           8           5         379         501
          20          11           8           6         495         596
          20          11           8           7         479         579
          20          11           8           8         431         532
          20          11           8           9         557         660
          20          11           8          10         287         373
          20          11           8          11         378         466
          20          11           8          12         350         518
          20          11           8          13         401         520
          20          11           8          14         420         528
          20          11           9           0         358         448
          20          11           9           1         537         628
          20          11           9           2         453         536
          20          11           9           3         388         453
          20          11           9           4         492         619
          20          11           9           5         432         546
          20          11           9           6         444         550
          20          11           9           7         438         602
          20          11           9           8         476         588
          20          11           9           9         304         407
          20          11           9          10         402         512
          20          11           9          11         489         634
          20          11           9          12         433         558
          20          11           9          13         388         499
          20          11           9          14         464         578
          20          11          10           0         192         399
          20          11          10           1         370         562
          20          11          10           2         253         411
          20          11          10           3        1165        1258
          20          11          10           4         198         324
          20          11          10           5         423         580
          20          11          10           6         239         411
          20          11          10           7         450         632
          20          11          10           8         435         541
          20          11          10           9         348         445
          20          11          10          10         486         594
          20          11          10          11         277         420
          20          11          10          12         453         602
          20          11          10          13         447         567
          20          11          10          14         398         546
          20          11          16           0         285         490
          20          11          16           1         306         543
          20          11          16           2         349         599
          20          11          16           3         356         590
          20          11          16           4         465         834
          20          11          16           5         354         769
          20          11          16           6         317         758
          20          11          16           7         352         856
          20          11          16           8         264         639
          20          11          16           9         423         813
          20          11          16          10         233         634
          20          11          16          11         352         811
          20          11          16          12         317         801
          20          11          16          13         322         854
          20          11          16          14         273         833
          20          11          17           0         235         819
          20          11          17           1          58         676
          20          11          17           2         253         851
          20          11          17           3         671         977
          20          11          17           4         183         804
          20          11          17           5         185         881
          20          11          17           6         271         896
          20          11          17           7         220         890
          20          11          17           8         134         859
          20          11          17           9         209         778
          20          11          17          10         321         756
          20          11          17          11         383         638
          20          11          17          12         320         853
          20          11          17          13         308         846
          20          11          17          14         121         665
          20          11          18           0         419         679
          20          11          18           1         306         555
          20          11          18           2         413         671
          20          11          18           3         418         700
          20          11          18           4         247         572
          20          11          18           5         256         659
          20          11          18           6         262         687
          20          11          18           7         359         763
          20          11          18           8         320         554
          20          11          18           9         196         738
          20          11          18          10         226         829
          20          11          18          11         202         852
          20          11          18          12         266         828
          20          11          18          13         171         712
          20          11          18          14         177         797
          20          11          19           0          36         778
          20          11          19           1         136         889
          20          11          19           2          86         902
          20          11          19           3         187         951
          20          11          19           4          14         807
          20          11          19           5         109         960
          20          11          19           6         135         907
          20          11          19           7         213         941
          20          11          19           8         343         708
          20          11          19           9         246         768
          20          11          19          10         147         829
          20          11          19          11         289        1021
          20          11          19          12         135         806
          20          11          19          13         138         843
          20          11          19          14         194         886
          20          11          11           0         470         533
          20          11          11           1         530         625
          20          11          11           2         509         589
          20          11          11           3         497         595
          20          11          11           4         512         742
          20          11          11           5         502         664
          20          11          11           6         380         522
          20          11          11           7         363         500
          20          11          11           8         209         425
          20          11          11           9         412         609
          20          11          11          10         478         670
          20          11          11          11         295         466
          20          11          11          12         354         689
          20          11          11          13         340         672
          20          11          11          14         346         649
          20          11          12           0         338         701
          20          11          12           1         335         711
          20          11          12           2         300         687
          20          11          12           3         333         733
          20          11          12           4         224         650
          20          11          12           5         284         790
          20          11          12           6         312         770
          20          11          12           7         104         565
          20          11          12           8         301         589
          20          11          12           9         112         366
          20          11          12          10         260         468
          20          11          12          11         146         383
          20          11          12          12         388         725
          20          11          12          13         213         557
          20          11          12          14         428         733
          20          11          13           0         435         531
          20          11          13           1         474         564
          20          11          13           2         517         598
          20          11          13           3         450         533
          20          11          13           4         436         590
          20          11          13           5         449         583
          20          11          13           6         478         588
          20          11          13           7         421         541
          20          11          13           8         417         597
          20          11          13           9         508         674
          20          11          13          10         425         598
          20          11          13          11         413         571
          20          11          13          12         297         540
          20          11          13          13         361         608
          20          11          13          14         359         572
          20          11          14           0         333         652
          20          11          14           1         348         678
          20          11          14           2         333         621
          20          11          14           3         382         573
          20          11          14           4         401         757
          20          11          14           5         228         564
          20          11          14           6         414         767
          20          11          14           7         409         781
          20          11          14           8         453         643
          20          11          14           9         505         746
          20          11          14          10         419         684
          20          11          14          11         361         721
          20          11          14          12         405         722
          20          11          14          13         309         606
          20          11          14          14         349         626
          20          11          20           0         509         676
          20          11          20           1         531         742
          20          11          20           2         261         463
          20          11          20           3         214         577
          20          11          20           4         359         586
          20          11          20           5         249         836
          20          11          20           6         134         607
          20          11          20           7        1052        1327
          20          11          20           8         231         764
          20          11          20           9         364         841
          20          11          20          10         226         853
          20          11          20          11         324         827
          20          11          20          12         194         643
          20          11          20          13         188         699
          20          11          20          14         123         702
          20          11          21           0         144         615
          20          11          21           1         207         659
          20          11          21           2         325         769
          20          11          21           3         157         598
          20          11          21           4         115         489
          20          11          21           5         219         756
          20          11          21           6         255         603
          20          11          21           7         333         675
          20          11          21           8         369         658
          20          11          21           9         347         612
          20          11          21          10         366         540
          20          11          21          11         410         539
          20          11          21          12         260         717
          20          11          21          13         372         878
          20          11          21          14         309         802
          20          11          22           0         437         665
          20          11          22           1         330         533
          20          11          22           2         405         591
          20          11          22           3         301         447
          20          11          22           4         300         695
          20          11          22           5         182         540
          20          11          22           6         285         640
          20          11          22           7         336         685
          20          11          22           8         224         696
          20          11          22           9         334         818
          20          11          22          10         291         733
          20          11          22          11         356         687
          20          11          22          12         216         759
          20          11          22          13         191         736
          20          11          22          14         291         848
          20          11          23           0         263         700
          20          11          23           1         255         708
          20          11          23           2         281         720
          20          11          23           3         213         733
          20          11          23           4         344         736
          20          11          23           5         273         690
          20          11          23           6         332         772
          20          11          23           7         336         801
          20          11          23           8         462         633
          20          11          23           9         242         481
          20          11          23          10         384         700
          20          11          23          11         315         681
          20          11          23          12         226         670
          20          11          23          13         190         719
          20          11          23          14         174         803
          20          11           0           0         546         653
          20          11           0           1         588         661
          20          11           0           2         579         672
          20          11           0           3         621         690
          20          11           0           4         576         645
          20          11           0           5         501         573
          20          11           0           6         598         693
          20          11           0           7         650         719
          20          11           0           8         605         666
          20          11           0           9         636         704
          20          11           0          10         601         671
          20          11           0          11         504         587
          20          11           4          10         504         596
          20          11           4          11         449         554
          20          11           4          12         499         577
          20          11           4          13         484         566
          20          11           4          14         460         542
          20          11           5           0         607         700
          20          11           5           1         595         708
          20          11           5           2         568         643
          20          11           5           3         541         614
          20          11           5           4         520         596
          20          11           1           0         488         613
          20          11           1           1         657         738
          20          11           1           2         516         608
          20          11           1           3         476         553
          20          11           1           4         609         690
          20          11           1           5         632         713
          20          11           1           6         674         758
          20          11           1           7         625         703
          20          11           1           8         596         669
          20          11           1           9         595         666
          20          11           1          10         541         622
          20          11           1          11           0           0
          20          11           4           5         445         563
          20          11           4           6         456         546
          20          11           4           7         317         401
          20          11           4           8         473         567
          20          11           4           9         352         437
          20          11           5           5         501         584
          20          11           5           6         355         435
          20          11           5           7         481         567
          20          11           5           8         353         422
          20          11           5           9         614         688
          20          11           2           0         532         660
          20          11           2           1         537         613
          20          11           2           2         349         440
          20          11           2           3         422         504
          20          11           2           4         523         607
          20          11           2           5         545         632
          20          11           2           6         573         678
          20          11           2           7         438         521
          20          11           2           8         636         714
          20          11           2           9         734         811
          20          11           2          10         387         463
          20          11           2          11         620         722
          20          11           4           0         410         517
          20          11           4           1         500         579
          20          11           4           2         502         584
          20          11           4           3         536         617
          20          11           4           4         476         561
          20          11           5          10         458         555
          20          11           5          11         261         349
          20          11           5          12         250         336
          20          11           5          13         478         569
          20          11           5          14         485         580
          20          11           3           0         409         534
          20          11           3           1         415         487
          20          11           3           2         336         422
          20          11           3           3         363         442
          20          11           3           4         361         434
          20          11           3           5         471         550
          20          11           3           6         584         675
          20          11           3           7         512         586
          20          11           3           8         578         651
          20          11           3           9         529         598
          20          11           3          10         652         720
          20          11           3          11         568         660
          20          11           6           0         559         657
          20          11           6           1         645         744
          20          11           6           2         474         584
          20          11           6           3         646         732
          20          11           6           4         594         677
          20          11           6           8         458         538
          20          11           6           9         389         462
          20          11           6          10         412         502
          20          11           6          11         420         511
          20          11           6          12         447         543
