#Sun Sep 26 17:49:38 2021
# Copy the contents of this file into $DB_DIR/db_bb.gem.dat to use these pedestals for analysis
# format = detname.commonmode_mean(U,V) and detname.commonmode_rms(U,V) = common-mode mean and RMS for U, V strips by APV card in order of position

bb.gem.m0.commonmode_meanU = 
           492.61            407.15            550.05            360.02            273.76             507.1            337.59             546.9            306.01            473.24            344.12            366.59            508.54               407            475.61            518.96 
           548.06            495.81            518.84            347.09            453.28            554.12            543.03            478.95            486.42            508.88            384.86            566.87            486.81            413.73 
bb.gem.m0.commonmode_rmsU = 
           18.013            18.471            24.834            29.854            27.358            29.623            30.997            30.406            21.668            23.587             22.46            23.582            17.586            19.102            21.308            16.108 
            17.88            19.139            14.427            14.645            16.346            18.881             14.31            13.413            14.501            19.392            9.2941            9.6872            9.9962            7.3188 
bb.gem.m0.commonmode_meanV = 
           421.57            328.75            603.03            469.39            523.95            532.03            430.11            429.97            367.59             512.4            479.32            321.28            437.32            476.58            502.24            425.95 
           487.93            573.21            526.03            509.99            551.18            466.52            479.45            554.14            270.47            471.21            564.31            558.78            506.78            446.34 
bb.gem.m0.commonmode_rmsV = 
           18.903            21.645            26.392            27.503             34.04            32.301            31.618            25.617            23.699            23.638            24.767            21.102            20.033            18.682            18.989            20.383 
           18.164            18.518            15.706             15.73            16.023            17.173            7.8722             11.67            13.185            13.621            15.743            10.603            16.892            8.4489 


bb.gem.m1.commonmode_meanU = 
           416.72            416.04            447.88            505.05            535.57            491.62            463.57             476.7            503.79            442.35 
bb.gem.m1.commonmode_rmsU = 
           15.754            16.131             15.43            17.121            17.357            16.631            17.628            16.619            20.952             12.22 
bb.gem.m1.commonmode_meanV = 
           497.18            575.74            410.99            486.05             453.1            474.98             405.7            569.25 
bb.gem.m1.commonmode_rmsV = 
           22.828            12.745            16.563            13.169            16.127            13.337            18.707            17.288 


bb.gem.m2.commonmode_meanU = 
           502.49            477.32            477.57            459.54            477.19             446.9            517.31            417.47            432.83             399.1 
bb.gem.m2.commonmode_rmsU = 
           18.685            17.599            17.755            15.045            18.158            15.141            18.355            14.011            22.911            16.656 
bb.gem.m2.commonmode_meanV = 
           486.91            578.19            572.29             527.2            467.67            588.93             491.8            501.71 
bb.gem.m2.commonmode_rmsV = 
           15.631            16.529            15.122            15.814            16.232            16.254            20.128             19.37 


bb.gem.m3.commonmode_meanU = 
           493.84            490.68               561            314.05            548.25            436.78            495.84            543.01            554.68            446.95 
bb.gem.m3.commonmode_rmsU = 
           18.116            21.157            18.304            14.971            16.303            14.663            17.997            16.063            22.501            19.145 
bb.gem.m3.commonmode_meanV = 
           484.33            438.71               461            603.99            450.83            532.41            540.34            390.47 
bb.gem.m3.commonmode_rmsV = 
           13.157            15.817            16.294            17.815            17.803            18.342            21.366            13.186 


bb.gem.m4.commonmode_meanU = 
           447.49            474.47            468.85            517.07            485.93            298.07            491.54            496.46            482.64            495.93            462.74            472.76            384.79            477.14            460.83            374.92 
           498.26            503.45            493.59            580.66             500.1            481.14            496.92            500.09            517.38             464.5            468.48             500.7            540.33            480.15 
bb.gem.m4.commonmode_rmsU = 
           15.472            20.411            27.997            33.394            26.953            25.756             28.01            29.928            24.573            25.331            21.507             14.91            23.861            20.296            21.018            16.661 
           18.094             17.34            14.135            12.973            13.838            15.068            11.868             11.03            11.067            14.746            9.0098            9.7646            7.5211            7.8712 
bb.gem.m4.commonmode_meanV = 
           261.64             360.4            238.26            440.48            330.79            534.06            531.21            432.67            505.06            505.78            468.82            520.68            523.53            458.87             429.7            528.87 
           371.62            459.66            375.92             565.9            505.88            312.94            426.16            444.79            576.93            618.93            537.11            545.38            570.83            494.52 
bb.gem.m4.commonmode_rmsV = 
           20.966            20.442            21.905            24.482            38.057            36.713            38.335            34.619            25.226             25.97            30.724             24.85            22.513            21.221            23.555             18.51 
           18.764            20.877            13.373            14.624            16.229            17.079            12.161            10.001            13.084            22.114            13.073            9.3473            10.817            6.3765 


bb.gem.m5.commonmode_meanU = 
           478.72            522.53            515.56            424.75            465.24            483.13            471.43             429.8            444.33            494.96 
bb.gem.m5.commonmode_rmsU = 
            18.21            17.368            14.845            17.803            14.147             17.38            14.476            16.767            18.671            20.486 
bb.gem.m5.commonmode_meanV = 
           341.59            549.73            488.29            472.35            462.28            483.43            395.37            458.77 
bb.gem.m5.commonmode_rmsV = 
           25.166            19.975            18.527            16.483            18.603            16.377              19.5            16.857 


bb.gem.m6.commonmode_meanU = 
           407.03            378.59            530.77            359.18            421.28            409.57            399.05            533.53            457.88            508.38 
bb.gem.m6.commonmode_rmsU = 
           15.495            24.477            14.209            18.976            15.396            15.456            14.709            19.606            19.149            20.287 
bb.gem.m6.commonmode_meanV = 
           457.59            548.46            506.11            521.25            510.04            465.79            485.26            401.47 
bb.gem.m6.commonmode_rmsV = 
           19.122            22.112            15.352             17.01            15.836            16.911            21.058            17.419 


bb.gem.m7.commonmode_meanU = 
           453.53            429.71            476.92             435.7            465.12             531.8            429.92            468.08            360.72            357.18 
bb.gem.m7.commonmode_rmsU = 
           30.414            32.853            25.517            33.058            27.936            38.297            32.799            40.054            38.633            42.286 
bb.gem.m7.commonmode_meanV = 
            533.1            443.73            549.29            415.08            463.34            439.23            433.99            436.79 
bb.gem.m7.commonmode_rmsV = 
           27.267            4.1093            29.235            22.489             26.72             36.85            25.814             38.02 


bb.gem.m8.commonmode_meanU = 
            534.9            622.81            584.49            457.48            613.42            461.02            514.37            535.12            497.31            543.38 
bb.gem.m8.commonmode_rmsU = 
           8.7197            8.0661            7.6456            8.3432            8.6094            8.1438            7.1799            8.7514             9.086            12.147 
bb.gem.m8.commonmode_meanV = 
           615.25            687.78            553.01            642.32            725.19            521.03            789.31            777.23            616.76            606.86            661.37            810.12 
bb.gem.m8.commonmode_rmsV = 
           8.5321            6.4159            9.2035            7.5139            6.4408            6.7544            8.2699            7.3882            7.0607            8.8776             6.989            8.7344 


bb.gem.m9.commonmode_meanU = 
           555.73            413.87            541.24            409.59            667.55            412.08            533.62            378.36            522.44            520.78 
bb.gem.m9.commonmode_rmsU = 
           12.138            8.5198            10.037            11.719             10.84            8.1216            8.6529            7.4803            8.0441            10.668 
bb.gem.m9.commonmode_meanV = 
           563.32            710.24            578.75            527.43            672.04            692.33            738.32            688.54            658.55            653.85            606.52                 0 
bb.gem.m9.commonmode_rmsV = 
           14.991            7.8606            9.8356            7.3809            6.9198            7.5375            8.0404            7.2374            7.5205            6.9508            7.5101                 0 


bb.gem.m10.commonmode_meanU = 
           498.94            305.92            296.21            523.51            529.09            537.32            596.46             558.1            557.09             481.3 
bb.gem.m10.commonmode_rmsU = 
           11.792             9.959            9.4732            9.8959            10.464              9.97            10.141            9.9414             9.162            10.246 
bb.gem.m10.commonmode_meanV = 
           606.49            679.74            557.56            609.59            543.09            623.25            505.52            394.54            399.98            376.82            447.65            469.57 
bb.gem.m10.commonmode_rmsV = 
            11.37            7.4521            8.0184            8.3614            8.1612            9.2207            8.2581            7.9669            8.2295            8.9025            7.1292            13.357 


bb.gem.m11.commonmode_meanU = 
           494.61            425.36            456.56            464.66            494.41            683.97             737.6            576.13            736.28            654.21 
bb.gem.m11.commonmode_rmsU = 
           9.0258            7.3771            9.6443            8.1728            8.8887            11.291            13.052            14.382            8.8152            12.674 
bb.gem.m11.commonmode_meanV = 
           657.71            419.78            758.06            664.13             470.4             614.7            578.06            552.31            454.17            389.97            564.66            586.23 
bb.gem.m11.commonmode_rmsV = 
           11.425            8.1914             7.984            8.2167            7.4084            9.9653            8.7717            8.3961            7.9352            10.673            7.9249            12.396 

