#Thu Nov 18 12:16:04 2021
# Copy the contents of this file into $DB_DIR/db_bb.gem.dat to use these pedestals for analysis
# format = detname.commonmode_mean(U,V) and detname.commonmode_rms(U,V) = common-mode mean and RMS for U, V strips by APV card in order of position

bb.gem.m0.commonmode_meanU = 
            491.5            404.82            547.22            358.21            270.25            505.29            334.25            545.35            298.19            468.14            339.75            362.76            506.15            403.96            473.06            515.59 
           543.52            491.18            515.04            342.19            447.94            550.05            538.83            474.17            481.84            504.56            379.58            565.23            482.39            410.54 
bb.gem.m0.commonmode_rmsU = 
           13.276            12.603            15.478            18.618            16.928            17.381            17.124            16.665            12.904            13.633            11.923            11.531             10.44            10.718            10.551            11.192 
           11.453            10.845             11.23            10.567            10.428            11.398            11.611            11.591            10.688            12.788            8.1735            8.8814            8.3686            6.3968 
bb.gem.m0.commonmode_meanV = 
           422.12            329.83            605.17            471.38            526.49            534.35            430.26            430.85            370.43            516.81            484.11            323.69            440.68            478.48            505.13            428.18 
            489.1            574.63            529.31            513.07            552.49            467.99            486.64            560.98            276.76            476.47            572.24            568.14            516.83            454.69 
bb.gem.m0.commonmode_rmsV = 
           20.686             17.93            18.688            17.059            26.492            24.541            23.322            18.811            13.755            14.812            17.151            14.721            12.701            12.784             14.37            13.302 
           13.417             15.85            9.5296            11.731            13.749            16.693            6.2191            8.3977            11.563            14.705            16.005            11.679            14.826            7.6434 


bb.gem.m1.commonmode_meanU = 
           464.43            469.91            493.52            562.49            583.18            549.22            510.71            536.24            552.91             493.7 
bb.gem.m1.commonmode_rmsU = 
           21.743            25.895            19.198            24.253            20.994            20.934             21.28            20.511            25.714            22.786 
bb.gem.m1.commonmode_meanV = 
           503.69            700.17            413.37            614.53            455.83            603.31            409.49            696.28 
bb.gem.m1.commonmode_rmsV = 
           30.459            23.029            22.063            23.673            20.334            22.138            21.476            24.489 


bb.gem.m2.commonmode_meanU = 
           633.18             570.1            608.51            551.14            606.56            541.79             647.8            514.29            565.97             493.7 
bb.gem.m2.commonmode_rmsU = 
           25.802            26.799            25.093            24.388            25.265            24.101            25.573            21.606            30.036            23.165 
bb.gem.m2.commonmode_meanV = 
           552.11            695.71             634.3            647.82            530.91            717.69               560            637.18 
bb.gem.m2.commonmode_rmsV = 
           24.278            32.265            23.268            28.131            23.114            28.178            26.569             28.72 


bb.gem.m3.commonmode_meanU = 
           617.78            512.33            688.68            333.84            676.07            455.26            620.47            562.83            679.17            465.92 
bb.gem.m3.commonmode_rmsU = 
           27.419            27.231            26.973            22.041            24.646            22.652            25.325            23.084            27.371            23.898 
bb.gem.m3.commonmode_meanV = 
            577.7            521.14            558.87            687.79            545.25            618.47            638.24            472.08 
bb.gem.m3.commonmode_rmsV = 
            21.18            24.023            25.116            25.458            25.632            26.256            29.171            17.923 


bb.gem.m4.commonmode_meanU = 
            462.6            488.91             483.7             535.1            501.95            313.95            508.64            514.05            486.65            499.39            467.96            475.71            384.37            476.68            461.38               374 
            498.8            506.61            495.74            581.87            500.94            481.96            500.41            505.31            521.63            470.65            471.72             505.2            546.26            483.38 
bb.gem.m4.commonmode_rmsU = 
           18.563            20.769            27.893            33.133            26.882            26.847            30.161            33.171            24.473            26.813             24.06            17.771            24.592            23.046            26.293            16.819 
            20.88            22.924            12.552            14.672            18.883            21.792            9.9387            11.557            14.711            22.245            11.673            9.1867            6.8113            7.1101 
bb.gem.m4.commonmode_meanV = 
           269.08             364.3            241.24            443.89            336.11            540.17            534.86            435.61            511.43            510.12            474.51            526.58               529            465.18            437.17            534.63 
           375.99            465.66            380.74            573.41            511.55             318.9            430.73            448.45            582.79            626.86            545.55            552.62            580.05            501.72 
bb.gem.m4.commonmode_rmsV = 
            19.37            17.796            21.429            24.394             31.63            30.565            32.839            28.513            24.455            24.526            29.042            22.409            22.117            20.195             20.28            18.804 
           17.894            16.904            14.988            14.636            14.215            12.165            13.451            11.699            11.652            12.952            10.372            9.5144            9.9992            6.3505 


bb.gem.m5.commonmode_meanU = 
           515.28            332.28             514.2            308.88             508.4            448.52            518.98            534.04            475.14            474.24            494.28            465.79            369.26             436.5            448.47            452.93 
           312.38             498.5             542.4            330.96            293.76               495            490.81            353.04            455.88            430.39            506.59            389.96            451.09            334.29 
bb.gem.m5.commonmode_rmsU = 
           12.143            13.025            14.938            13.209            16.617            17.354            17.915            20.801            15.699            16.545            15.879            20.248             17.56            19.216            23.187            17.049 
           18.506            12.807            19.932            17.917            18.489            17.012            16.486            15.782            17.501            20.713            12.838            13.896            18.319            18.965 
bb.gem.m5.commonmode_meanV = 
           495.37            425.26            452.73            481.87            306.63            396.17            376.99            277.96               372            537.08            428.36             372.7            400.82             587.4            397.16            515.61 
            454.1            357.17            556.71            528.69            590.89            478.34            311.92            351.81             521.8            475.25            369.64            348.91            621.03            568.59 
bb.gem.m5.commonmode_rmsV = 
           16.575            13.461            14.456            14.038            10.545            12.381            10.568            14.876             12.07            13.652            15.026            16.991            15.184            15.551            18.369            22.708 
           17.843            15.272            22.515            25.047            18.187            20.343            20.604            18.998            19.105             11.89            24.207            14.694            19.622            17.965 


bb.gem.m6.commonmode_meanU = 
              517            604.54            566.06            436.64            597.86            454.19             507.6            527.52            491.16            535.56 
bb.gem.m6.commonmode_rmsU = 
           7.8301            7.4213             7.105            7.0546            7.5398            7.9321            7.3708            8.7495            7.5923            9.3631 
bb.gem.m6.commonmode_meanV = 
           590.42             662.5            527.03            617.84             700.1            495.01            764.76            754.08            591.53            582.05            636.25             784.7 
bb.gem.m6.commonmode_rmsV = 
           8.9164            6.8473            8.5215            7.7265            7.2637            7.0951            8.6153            7.1331            6.7243            10.302            6.6244            8.6287 


bb.gem.m7.commonmode_meanU = 
           536.14            393.15            521.69            388.13            651.67            404.13            526.62            368.33            512.43            512.17 
bb.gem.m7.commonmode_rmsU = 
           10.406            7.5481            8.6691             9.429            9.0736            7.4163            7.8868            6.7828            7.2522            9.7074 
bb.gem.m7.commonmode_meanV = 
           544.15            691.87            559.16            507.35            657.95            672.87            719.76            669.44            638.23             633.5            587.82                 0 
bb.gem.m7.commonmode_rmsV = 
           14.313            8.0512            9.3203            7.6027            7.8464            7.8547            8.2614            7.7852            7.1101            6.9993            7.7325                 0 


bb.gem.m8.commonmode_meanU = 
           499.93            303.72             293.3            522.75            528.99             529.7            587.74             552.3            550.73             473.3 
bb.gem.m8.commonmode_rmsU = 
           9.6017            7.9046            7.9673            8.2661              8.47            7.7846            8.1276            8.5612            7.8239            8.8435 
bb.gem.m8.commonmode_meanV = 
            652.3            409.57            751.07            655.84            462.37            605.32            567.99            543.04            443.39            378.52            555.03             574.3 
bb.gem.m8.commonmode_rmsV = 
           10.582            7.5453            7.6142            7.5545            8.8789            10.696            8.5229            8.1716            8.0574            9.1935            7.3975            13.115 


bb.gem.m9.commonmode_meanU = 
           498.49            425.27            456.45               464            495.96            724.55            780.59            616.66            782.54            698.49 
bb.gem.m9.commonmode_rmsU = 
           7.9296            7.0413            8.7795            8.3881            8.3631            8.0168            8.8446            13.509            10.172            10.604 
bb.gem.m9.commonmode_meanV = 
           599.74            671.39            548.78            601.59            534.04            614.16            495.61            384.75            389.64            366.56            437.66            458.12 
bb.gem.m9.commonmode_rmsV = 
            9.411            6.8299            6.8438            7.1343            7.2594            8.8702            7.6822            7.1023            7.7384            8.3267            6.8932            14.459 

