#Thu Sep 30 12:39:18 2021
# Copy the contents of this file into $DB_DIR/db_bb.gem.dat to use these pedestals for analysis
# format = detname.commonmode_mean(U,V) and detname.commonmode_rms(U,V) = common-mode mean and RMS for U, V strips by APV card in order of position

bb.gem.m0.commonmode_meanU = 
           494.35            408.21            550.94            361.96             273.2            508.99            337.62            548.96            307.06             474.2            345.16            368.48            510.32            407.89            476.14             519.9 
           549.64            496.31             521.1            348.67            453.06            555.31            545.26            480.62            487.92            509.21            385.15            567.98            488.23            414.55 
bb.gem.m0.commonmode_rmsU = 
           16.697            17.089            22.551            26.936            25.044            27.007            28.167            27.331            19.984            22.001            20.842            21.496            16.258            17.553            19.056            15.181 
           17.344            17.858            14.698            15.099            16.741              17.8            14.138            15.387            15.455             17.55            10.089            11.137            10.888            7.3022 
bb.gem.m0.commonmode_meanV = 
           421.93            328.88            604.91            470.33            526.15            533.44            430.13            429.67            368.57            514.03            480.88            321.47            438.53             476.5            502.88            427.47 
           488.07            573.53            526.93               511            551.39            467.28            480.53            555.25            270.49            471.13            565.91            559.84            507.58            447.02 
bb.gem.m0.commonmode_rmsV = 
           17.185            19.486            24.112            25.125            30.634            29.207            29.228             22.92            21.503            21.313            22.866            18.864            18.391            17.219            17.107            18.474 
           16.706            16.545            14.311            15.535            16.088            15.527            7.5623            11.818            13.794            11.917            16.148            10.724            17.376            8.3411 


bb.gem.m1.commonmode_meanU = 
              423            422.33            454.14            513.84            542.48            501.27            470.61             485.9            511.02            449.73 
bb.gem.m1.commonmode_rmsU = 
           16.557             16.24            14.799            17.079            16.173            16.428            16.499            16.551            19.684            12.206 
bb.gem.m1.commonmode_meanV = 
           501.42            650.64            412.81            562.32            455.07            551.38            409.52            644.86 
bb.gem.m1.commonmode_rmsV = 
           22.448            14.167            16.345            13.836            15.938            13.567            18.369            16.754 


bb.gem.m2.commonmode_meanU = 
           582.94            521.67            558.06            502.86            556.05            493.03            598.26            463.42            515.39             443.8 
bb.gem.m2.commonmode_rmsU = 
           18.966            17.114            17.966            15.378            18.737            15.991            18.791             14.88            22.789            16.669 
bb.gem.m2.commonmode_meanV = 
           512.67            652.84            596.91             601.9            492.04            668.16            518.98            585.35 
bb.gem.m2.commonmode_rmsV = 
           16.205             17.52            15.125            16.086            15.936            16.696            19.902            19.337 


bb.gem.m3.commonmode_meanU = 
           569.98            496.74            640.37            318.13            626.28            440.41            573.56            547.46            632.79            450.63 
bb.gem.m3.commonmode_rmsU = 
           17.753              19.7            18.765            14.772              16.8            15.253            18.054            16.057            21.822             18.32 
bb.gem.m3.commonmode_meanV = 
           527.69            469.84             506.3            636.46            495.35            565.52            586.31            422.51 
bb.gem.m3.commonmode_rmsV = 
           13.383            16.708            15.914             17.65            17.279            17.938            21.531            12.582 


bb.gem.m4.commonmode_meanU = 
           459.79            486.01            479.47            530.66            495.88            309.17            502.67            508.11            484.07            496.85            463.72            473.19            385.91            478.34            461.43            376.01 
           502.64            505.49            494.59            581.24            502.05            482.54            498.25            500.45            519.47            466.76            480.27            498.47            538.24            480.14 
bb.gem.m4.commonmode_rmsU = 
           14.076            19.524            27.379            32.926            25.851             25.09             27.32             29.41            23.442            24.844            21.256            14.847            22.948            20.027            20.708            16.408 
           18.284            17.178             14.76            14.402            14.911            15.777            12.759            12.186            11.377            14.488            4.6425            9.6057            7.4429            8.7562 
bb.gem.m4.commonmode_meanV = 
           261.51            360.21            238.44            441.35            331.01            535.77            531.77            432.54            506.69            505.93            470.05            522.73             523.1            459.17            431.44            530.59 
           372.21            461.06            377.38            568.05            506.04            313.67            426.92            444.41            578.83            618.73             539.7            546.48            570.46            495.19 
bb.gem.m4.commonmode_rmsV = 
           19.693            19.171            21.165            22.881            36.136             34.55            35.742            31.247            24.737            24.613            28.658            22.181            21.865            19.812            20.946            18.369 
           17.909            18.353             13.82            14.881            15.598            14.934            11.379            10.174            11.812            16.053            10.653            8.6893            10.096            6.1061 


bb.gem.m5.commonmode_meanU = 
           474.87            523.14            515.22            424.74            465.59            483.69            473.85               431            447.43            504.68 
bb.gem.m5.commonmode_rmsU = 
           17.832            18.045            15.876            18.923            15.541            17.985            15.698            17.032            17.955            20.259 
bb.gem.m5.commonmode_meanV = 
           347.18            546.31            491.53            469.66             464.3             482.6             395.3            459.02 
bb.gem.m5.commonmode_rmsV = 
           25.974            19.495            18.876            16.493              18.9            16.969            19.537            17.759 


bb.gem.m6.commonmode_meanU = 
           404.02            376.92            531.79            356.74            424.03            409.71            400.84            536.41            457.25            508.36 
bb.gem.m6.commonmode_rmsU = 
           16.964            23.943            15.604            19.041            16.698            15.319            15.465            19.399            18.729             19.63 
bb.gem.m6.commonmode_meanV = 
           464.86            551.78            510.51            520.42             512.9            463.48            486.68             404.6 
bb.gem.m6.commonmode_rmsV = 
            20.58            22.047             16.57            17.052             17.17            17.668             23.27            18.588 


bb.gem.m7.commonmode_meanU = 
           449.58            437.78            476.36            437.94            465.63            533.89            429.26            468.21            356.97             356.2 
bb.gem.m7.commonmode_rmsU = 
           30.172            31.073            25.295            32.884            26.584            38.038             28.97            39.498            32.962            40.877 
bb.gem.m7.commonmode_meanV = 
           522.98            443.54            540.16            419.26            455.22            439.53            427.91            438.25 
bb.gem.m7.commonmode_rmsV = 
            27.12             4.163            31.349            21.666            28.908            33.729            27.745            32.934 


bb.gem.m8.commonmode_meanU = 
           537.26            625.29            587.22            459.55            617.19            462.53            515.76            535.64            499.06               544 
bb.gem.m8.commonmode_rmsU = 
           9.1576            8.5556            8.1066            8.7559            8.6461            8.2122            7.2364            8.7384            9.3953            11.271 
bb.gem.m8.commonmode_meanV = 
            620.3            692.01            556.34            646.54            729.43            523.79            793.19            782.33            619.64            610.49            665.16            814.81 
bb.gem.m8.commonmode_rmsV = 
           8.5644            6.4144             9.232            7.6435            6.4335            6.7676            8.3017            7.2883            6.9101            9.1078            6.9175            8.4899 


bb.gem.m9.commonmode_meanU = 
            557.9            414.15            541.32            407.26            669.28            413.73            536.25            378.86             522.6            521.57 
bb.gem.m9.commonmode_rmsU = 
           11.653            8.5479            9.1454            10.477            10.033             8.815            9.1465             8.225            8.7648            11.593 
bb.gem.m9.commonmode_meanV = 
           564.29            711.58            578.87            528.23            673.23            693.61            739.24            689.46            658.61            654.54             606.8                 0 
bb.gem.m9.commonmode_rmsV = 
           13.116            7.7271            9.8856            7.2293            7.1005            7.6889            7.6563            7.5162            7.6056            7.0895            7.7897                 0 


bb.gem.m10.commonmode_meanU = 
           497.61            302.31            293.78            521.55            528.19            539.29            597.58            559.73            558.41            483.52 
bb.gem.m10.commonmode_rmsU = 
           11.116            9.6438            9.1597            9.6725            10.206            9.2177            9.7364            9.5931            9.2412            9.6643 
bb.gem.m10.commonmode_meanV = 
           660.24             420.3            760.86            665.73            471.78            615.56            578.03            553.72            454.39            390.21             565.8            586.19 
bb.gem.m10.commonmode_rmsV = 
           10.901            7.9413            7.8253            7.9885            7.3385            9.7167            8.5993            8.2173            7.7665            10.262            7.8229            12.094 


bb.gem.m11.commonmode_meanU = 
           497.19            426.33            458.26            466.25            497.12            686.72            740.47            578.82            739.33            657.26 
bb.gem.m11.commonmode_rmsU = 
           8.6622            7.1906            9.4022             8.272            8.9627            9.6165            11.794             15.25            8.8915            13.078 
bb.gem.m11.commonmode_meanV = 
           610.97             682.6            559.53            612.32            545.16            625.76             507.3            395.18            401.05            377.87            448.36            468.83 
bb.gem.m11.commonmode_rmsV = 
           10.517            7.4297            7.9044            8.2918            8.0713            9.0935            8.0942            7.9997            8.1966            9.1695            7.3125            13.281 

