#Mon Oct 11 12:29:25 2021
# Copy the contents of this file into $DB_DIR/db_bb.gem.dat to use these pedestals for analysis
# format = detname.commonmode_mean(U,V) and detname.commonmode_rms(U,V) = common-mode mean and RMS for U, V strips by APV card in order of position

bb.gem.m0.commonmode_meanU = 
           490.62            402.34            544.11            355.68            269.16            503.31            332.53            542.74            299.88            467.17            339.56            362.29            503.75            400.92            470.01            512.23 
            541.5            488.45            511.72            339.17            444.37            546.61            533.31            469.93            477.73            500.16            374.56            557.25            477.28            403.36 
bb.gem.m0.commonmode_rmsU = 
           18.418            20.454            28.654            35.709            30.311            33.192            35.259            35.076            24.342            26.337            25.851            27.937             20.15            21.706            25.133            17.889 
           20.056             22.07            16.129            15.585            18.277            22.381            16.841            13.705            14.669            21.667            8.7768              9.26            9.8979            7.6404 
bb.gem.m0.commonmode_meanV = 
           422.67            328.49            603.81            468.87            525.09            532.45            428.72            429.12            368.26            513.64            480.62            321.55            437.73            476.68            502.35            426.51 
           487.25            572.62            526.26            510.53            550.49            466.55            479.97            555.11            270.27            470.07            564.85            559.15             508.8            447.89 
bb.gem.m0.commonmode_rmsV = 
           21.979            24.904            30.616            31.782            40.453            37.703            36.702            29.359            29.147            27.998            28.642            24.078            24.521            22.004             21.75            25.024 
           21.407            21.225            19.968            17.963            17.982              18.9            9.5719            13.472            14.549             14.99            16.555            11.645            19.264            9.8321 


bb.gem.m1.commonmode_meanU = 
            514.9            522.11             541.8            614.03             629.8            599.95            558.41            585.94            598.21            547.63 
bb.gem.m1.commonmode_rmsU = 
           14.353            16.047            14.081            17.538            16.526            16.396            18.074            15.584            23.182            16.872 
bb.gem.m1.commonmode_meanV = 
            502.6            737.82            415.14            655.04               458            644.04            412.58             736.7 
bb.gem.m1.commonmode_rmsV = 
           21.924            13.003            14.705            13.099            13.892            13.441             16.47            17.744 


bb.gem.m2.commonmode_meanU = 
           678.51            616.39            654.37            596.72             651.6            590.85            693.38            561.67             612.8            542.03 
bb.gem.m2.commonmode_rmsU = 
            18.03             21.91             16.81            15.558            17.383            14.459            18.343            13.757            25.386            18.503 
bb.gem.m2.commonmode_meanV = 
           571.35            740.18            650.79            692.22            548.46            763.74            577.21            684.85 
bb.gem.m2.commonmode_rmsV = 
           15.903            17.092            13.656            16.135            15.039            16.428            18.402            20.084 


bb.gem.m3.commonmode_meanU = 
           659.93            562.26            734.74            380.97            718.88            505.55            664.55            614.58            720.95            512.73 
bb.gem.m3.commonmode_rmsU = 
           18.637            24.561            16.849            14.633            14.915            13.101             17.37            15.205             24.54            20.022 
bb.gem.m3.commonmode_meanV = 
           622.51            565.49            605.76            732.48            588.47            666.61            680.53            520.55 
bb.gem.m3.commonmode_rmsV = 
           13.222            16.551            15.389            17.469            16.484            17.756            19.248            12.783 


bb.gem.m4.commonmode_meanU = 
           469.31            494.63            488.03            535.76            504.42            318.36            512.22            516.77            481.86            495.38            461.53            471.04            384.03            476.63            459.77            375.24 
           497.59            503.13            494.28            580.84            500.77             481.1            496.27            499.17            517.95            466.25            469.15            501.51            541.01            477.53 
bb.gem.m4.commonmode_rmsU = 
           13.581            19.829            27.524            32.576            30.499            28.335            29.476              30.4             28.05             27.58             22.47            14.196            26.888            20.254            18.439            20.899 
           18.655            14.417            18.429            14.597            13.169            12.793            16.101            13.333             10.18            10.614            9.2825            10.388            7.7834            7.2446 
bb.gem.m4.commonmode_meanV = 
           266.54            365.89            243.63            447.16            337.16            541.23            537.31            438.28            512.22            511.46            475.33            527.88            530.19            466.29            439.35            537.44 
           379.94            468.76             385.1            576.19             513.8            322.16            434.86            452.77            584.99            626.75            548.48            556.25            582.52            505.06 
bb.gem.m4.commonmode_rmsV = 
           20.531            21.491            25.052            28.399            39.952            40.409            43.912            41.797            26.752            28.557            34.734            29.804             23.58             23.45            28.325                18 
           19.892             24.47            12.165            14.997            16.992            21.277            13.454            10.074            13.816            28.759            13.321            8.7138             9.658            5.9585 


bb.gem.m5.commonmode_meanU = 
           473.89             523.4             514.3            425.77            465.85             484.5            474.11            430.82            446.15            505.26 
bb.gem.m5.commonmode_rmsU = 
           18.524            17.868            16.987            18.774            16.655            18.409            16.413             18.52            18.205            22.824 
bb.gem.m5.commonmode_meanV = 
           347.06             546.9            492.32            470.19            464.78            483.82            393.72            459.68 
bb.gem.m5.commonmode_rmsV = 
            24.97            23.571             18.55            18.886            18.931            18.721            20.446            18.773 


bb.gem.m6.commonmode_meanU = 
            402.8            376.84            531.79            358.16            423.26             410.1            400.65            536.36            456.19             510.4 
bb.gem.m6.commonmode_rmsU = 
           21.371            21.933            17.157            18.476            16.892              15.8            15.498            22.225            20.582            24.761 
bb.gem.m6.commonmode_meanV = 
           466.44            551.97            513.24            523.12            515.11            467.32            489.26            406.25 
bb.gem.m6.commonmode_rmsV = 
           19.948            31.363             17.75            24.394            18.765            23.552             25.04            20.932 


bb.gem.m7.commonmode_meanU = 
           448.71            437.48            475.46            437.64            465.12            534.77            428.96            469.26            356.55            355.71 
bb.gem.m7.commonmode_rmsU = 
           44.866            30.073            31.231            34.428            29.438            43.739            34.052            48.253            42.936            51.726 
bb.gem.m7.commonmode_meanV = 
              516            443.58            537.28            418.66            451.03            438.41            423.63            435.74 
bb.gem.m7.commonmode_rmsV = 
           31.042            4.5012            40.346            29.651            38.372            45.496            37.334             44.37 


bb.gem.m8.commonmode_meanU = 
           536.13            623.29            585.48            456.87            616.87            461.38            515.61            534.66            498.78             543.8 
bb.gem.m8.commonmode_rmsU = 
           8.8458            8.2641             7.822            8.3222             8.855            8.0672            7.5594              9.16             9.797            13.454 
bb.gem.m8.commonmode_meanV = 
           614.67            686.92            552.56            642.06             725.6            520.01            789.47            778.26            615.73            606.36            660.84            811.62 
bb.gem.m8.commonmode_rmsV = 
           8.8944            6.2907            8.5898            7.4045            6.6303            6.6831            8.0996            7.0558            6.7004            9.1036            6.7665            8.7756 


bb.gem.m9.commonmode_meanU = 
           554.99            410.82            539.17            408.37            672.16            411.14            534.22            378.35            522.92            522.65 
bb.gem.m9.commonmode_rmsU = 
           13.817             10.12            9.8724            12.446            11.537            9.5684            10.023            8.8664            9.0088             11.78 
bb.gem.m9.commonmode_meanV = 
           563.32            711.51            578.46            526.91             672.2            693.85            739.44            689.33            658.08            653.78            605.62                 0 
bb.gem.m9.commonmode_rmsV = 
           13.813            7.8583            10.372            8.3788            7.6815            8.5113            8.8081            8.3927            8.4181            8.0426            8.3499                 0 


bb.gem.m10.commonmode_meanU = 
           496.89            302.29             292.1            520.36            527.48             536.6            596.31            557.96            557.68            481.08 
bb.gem.m10.commonmode_rmsU = 
           12.491            11.388             10.64            11.366            12.246            10.732             10.86            11.076            10.362             11.52 
bb.gem.m10.commonmode_meanV = 
           658.99            418.84            759.95            663.52            471.18            614.81            577.11            552.77            452.97            389.11            564.56            585.25 
bb.gem.m10.commonmode_rmsV = 
           11.322            8.3711            8.4073            8.3342            8.3266            10.067            9.0538            9.0366            8.2653            10.994            8.6212            13.376 


bb.gem.m11.commonmode_meanU = 
            499.1            427.74            460.01            468.28            498.03            690.01            743.51            581.43            743.24            660.67 
bb.gem.m11.commonmode_rmsU = 
           8.9062            7.6756            9.6819            9.0667            9.2166            10.744            9.9329            12.207            9.1014             10.16 
bb.gem.m11.commonmode_meanV = 
           612.01            683.68            562.01            613.52               547            626.83            509.91            397.82            403.91            380.26            450.52            472.56 
bb.gem.m11.commonmode_rmsV = 
           12.871            6.8936            7.3023            7.9022            7.7185            8.1997            7.3906            7.2297            7.5774             9.152            6.8615            12.401 

