#Tue Sep 21 10:39:14 2021
# Copy the contents of this file into $DB_DIR/db_bb.gem.dat to use these pedestals for analysis
# format = detname.commonmode_mean(U,V) and detname.commonmode_rms(U,V) = common-mode mean and RMS for U, V strips by APV card in order of position

bb.gem.m0.commonmode_meanU = 
           493.41            407.72            552.02            362.25            272.72            508.55               338            549.19            304.46            473.87            344.21            367.65            510.46            408.34            476.28            520.35 
           549.55            496.08            522.07            349.32            453.01            556.07            544.83            480.15            488.21            510.49            385.97            570.21            488.27            413.71 
bb.gem.m0.commonmode_rmsU = 
           14.857            15.184            18.964            22.269            21.411            23.125            23.671            22.989             16.89            19.288            17.712            17.936            14.072            15.454            16.359            13.504 
           15.076            14.991            13.259            13.416            14.487            16.056            12.696            14.055            14.114            16.723            9.6504            10.444             9.919            6.7865 
bb.gem.m0.commonmode_meanV = 
           425.12            330.04            605.77            472.41            526.69            533.74            431.29            429.94            368.21            513.96             480.8            321.13             439.7            477.55            503.56             428.3 
           488.33            574.91            527.64            513.51            552.83            469.19             480.1            556.49            270.09            471.99            569.25            562.04            509.37            448.08 
bb.gem.m0.commonmode_rmsV = 
           15.471            16.739             20.58            20.924            26.244            24.744            25.155            19.299            18.053            18.226            20.271            16.254            15.785            15.091            15.176            15.625 
           14.551            14.938            12.498            13.886            15.092            14.953            6.9871            10.885            13.339            11.901            15.358            10.081            15.959            7.9696 


bb.gem.m1.commonmode_meanU = 
           415.31            418.45            449.61             506.8            537.69            494.18            464.78            476.49            503.86                 0 
bb.gem.m1.commonmode_rmsU = 
            13.39            13.708            11.817            14.969            13.178             15.53            13.834            17.666            16.698                 0 
bb.gem.m1.commonmode_meanV = 
           495.93                 0             412.7                 0            453.54                 0            407.43                 0 
bb.gem.m1.commonmode_rmsV = 
           22.451                 0            14.766                 0            13.817                 0            16.108                 0 


bb.gem.m2.commonmode_meanU = 
           491.97            476.02            468.72            456.08            470.47            446.11            510.95            416.73            424.89            398.47 
bb.gem.m2.commonmode_rmsU = 
           14.315            14.312            13.067            12.347            13.512            13.041            13.739            12.234            17.845             14.71 
bb.gem.m2.commonmode_meanV = 
           485.74                 0            573.73                 0            466.42                 0            491.87                 0 
bb.gem.m2.commonmode_rmsV = 
           14.482                 0            12.028                 0            13.259                 0            16.516                 0 


bb.gem.m3.commonmode_meanU = 
           464.33            492.09            531.88            314.82            519.46             439.3            468.56            545.62            529.89            449.51 
bb.gem.m3.commonmode_rmsU = 
           13.553            16.774            13.768            11.734            11.123            11.494            12.327            11.845            15.756            14.392 
bb.gem.m3.commonmode_meanV = 
           480.74            439.03            457.57            607.92            449.89            536.48            537.38            393.95 
bb.gem.m3.commonmode_rmsV = 
           11.552            17.523            11.734            13.586            13.584            13.216            17.571            10.001 


bb.gem.m4.commonmode_meanU = 
           449.59            475.64            470.36            516.43            486.65            299.57            494.05            497.89            483.89            496.79            464.08            474.09            386.02            479.26            462.85            376.85 
           499.03            505.22            496.28            582.77            502.39            483.16               499            502.32             519.1            466.09               474            506.19            545.91            478.64 
bb.gem.m4.commonmode_rmsU = 
           13.035            16.334            22.072            25.311            20.333            19.822            21.169            23.359            18.614            20.289             17.57            12.472            18.745            17.528            18.593            13.546 
           15.497            14.983            12.113            12.197            13.179            14.309            10.533            10.702            10.551            13.374            10.124            10.335            7.3422            7.4072 
bb.gem.m4.commonmode_meanV = 
           260.99            360.42            237.24            441.25            330.92             535.5            529.76            432.31            1193.4            508.75            469.59            523.73            524.47            459.77            430.78            531.68 
           372.21            460.43            376.63            568.87            506.19            313.36            427.37            444.82             578.3            622.03            541.15            547.73            575.75            495.85 
bb.gem.m4.commonmode_rmsV = 
           18.247            15.674            16.866            18.137            29.424            27.239            27.963             25.51           0.98874            20.754            23.817            24.181            19.736            15.979            18.162            16.188 
           15.546            15.512            13.152            13.359            14.382            12.869             11.88              9.82            12.236            15.125            11.343            8.9636            10.442            6.1439 


bb.gem.m5.commonmode_meanU = 
           486.16            525.33            518.04            423.74            466.76            482.69            471.88            430.72            446.64            496.33 
bb.gem.m5.commonmode_rmsU = 
           15.893             14.56             12.76            13.667            11.827            12.774            11.964            11.848            15.957            14.948 
bb.gem.m5.commonmode_meanV = 
           345.62            552.38            488.59             475.5            464.41            485.81            394.62            460.66 
bb.gem.m5.commonmode_rmsV = 
           23.368            15.487            15.863             11.32            15.889             11.12            17.695            13.844 


bb.gem.m6.commonmode_meanU = 
           410.06            378.86               533            357.81            423.05            409.58            400.81            534.77            459.02            506.09 
bb.gem.m6.commonmode_rmsU = 
           13.446            19.587            12.209            14.529            13.715            12.079            12.723            13.727            15.934            14.667 
bb.gem.m6.commonmode_meanV = 
           459.52            551.08            507.38            523.43            509.63            466.69            485.32               406 
bb.gem.m6.commonmode_rmsV = 
            16.43             17.17            13.503             12.78             14.27            12.302             19.09             14.58 


bb.gem.m7.commonmode_meanU = 
            451.2            433.67            475.47            439.33            464.24            532.95            431.23            465.86            360.94            350.34 
bb.gem.m7.commonmode_rmsU = 
           28.904            29.691            26.018            30.397            29.386            34.396            33.903            35.118            36.814            36.574 
bb.gem.m7.commonmode_meanV = 
           521.21                 0            535.95                 0            460.46            436.58            426.68            434.04 
bb.gem.m7.commonmode_rmsV = 
           28.634                 0            32.414                 0            30.362            36.774            27.654            37.711 


bb.gem.m8.commonmode_meanU = 
           539.65            628.36            589.63            459.99             618.8            462.29            516.49            536.05            499.27             544.4 
bb.gem.m8.commonmode_rmsU = 
            8.147            7.6612             7.537            7.6896            8.0971             8.769            7.5635            10.067            10.473            12.481 
bb.gem.m8.commonmode_meanV = 
           626.73            720.73            538.01            638.85            716.02            537.67            793.52            791.41             626.9            599.76            638.09            786.46 
bb.gem.m8.commonmode_rmsV = 
           8.7705            6.6217            9.4606            7.9184             7.972            8.2259            8.8987            7.5864            7.1703            9.9109            7.0781            9.0043 


bb.gem.m9.commonmode_meanU = 
           559.92            414.73            541.79            408.37             669.2            411.67            534.75            376.98            520.67            519.38 
bb.gem.m9.commonmode_rmsU = 
           11.748             9.336            9.4914            10.641            9.7597            8.0998            8.2111            7.5619            7.9235            10.644 
bb.gem.m9.commonmode_meanV = 
           550.89            727.08            588.42            525.87            657.41            681.61            736.92            688.41            628.49            672.64            629.83            180.54 
bb.gem.m9.commonmode_rmsV = 
           12.969            7.8878            10.039            7.6157            7.0864            7.6494            8.2946            7.5195            7.4556            7.1841            7.4666              1.51 


bb.gem.m10.commonmode_meanU = 
           500.86            306.44            294.99            523.96            531.25            538.86            598.03            559.93            558.76            481.87 
bb.gem.m10.commonmode_rmsU = 
           10.931            10.471            9.1419            9.8009            10.294            9.4172             9.646            9.3673            9.3679            10.228 
bb.gem.m10.commonmode_meanV = 
           658.94            420.14            760.43               665            471.02            616.23            578.22            554.49            454.17            390.65            566.18            586.59 
bb.gem.m10.commonmode_rmsV = 
           11.119             8.364             8.147            8.0297            7.3308            9.7291            8.6035            8.6826             7.781            10.934            7.7249            11.973 


bb.gem.m11.commonmode_meanU = 
              496            425.62            455.63            465.08            495.61            683.97            737.42            574.47            737.43            656.03 
bb.gem.m11.commonmode_rmsU = 
           8.4544            7.7513            9.6633            8.7926             9.461            8.2152            9.9765            11.565            8.8604            9.5206 
bb.gem.m11.commonmode_meanV = 
           607.95            680.46            558.21            610.62            544.56            623.68            506.63            394.81            400.16            376.12            447.11            468.73 
bb.gem.m11.commonmode_rmsV = 
           10.712             7.607            7.9266            8.4327            8.1581            8.9348            8.2669            8.0063            8.3264            9.2913            7.3134            14.176 

