#Thu Oct 21 08:57:49 2021
# Copy the contents of this file into $DB_DIR/db_bb.gem.dat to use these pedestals for analysis
# format = detname.commonmode_mean(U,V) and detname.commonmode_rms(U,V) = common-mode mean and RMS for U, V strips by APV card in order of position

bb.gem.m0.commonmode_meanU = 
           484.25             399.2            542.74            354.65            267.15            500.96            331.56            540.61             296.9            464.07            336.45            360.05            501.42             399.7            468.17            509.89 
           538.12               486            509.68             338.2            442.73            543.61            532.17            469.06            475.49            497.06            375.15            557.93            476.82            404.76 
bb.gem.m0.commonmode_rmsU = 
           22.457            17.532            20.923            22.763            22.565            22.507            23.389            22.926            13.412            15.313            14.956            15.575            10.261            11.812             13.24            10.581 
           12.557            13.667            10.093            10.331            11.359            13.512            10.801            11.185            12.127            16.144             8.092            8.6746            8.9424            7.1689 
bb.gem.m0.commonmode_meanV = 
            421.1            329.56            601.49            468.29            523.64            530.92            427.88             429.4            367.73            511.92            479.37            322.16            437.79             475.4            500.84            425.39 
           486.37            571.45            524.44            508.12             549.5            463.66            478.23            553.57            269.85             468.7            566.23            559.27            507.15            447.18 
bb.gem.m0.commonmode_rmsV = 
           20.619            19.979            22.302             22.31            29.488            27.299            25.785             20.93            16.188            16.558            17.886            15.044              14.3            13.419            13.568            15.601 
           14.088            15.313            10.998            11.943            13.035            14.749            6.4812            8.7703             10.79              12.1            14.082            10.173            15.859            8.2328 


bb.gem.m1.commonmode_meanU = 
           487.49            495.84            514.14            585.19            602.03            571.75            531.28            558.25            571.08            517.85 
bb.gem.m1.commonmode_rmsU = 
           14.732             16.06             13.85            18.073            15.998            18.429            16.598            19.088            18.962            20.318 
bb.gem.m1.commonmode_meanV = 
            500.2            716.44            412.27             632.2            454.72            620.94            409.24            713.43 
bb.gem.m1.commonmode_rmsV = 
           24.306            12.832            15.919            12.063            14.679            11.555            17.365            15.849 


bb.gem.m2.commonmode_meanU = 
           653.22             590.9            629.38            571.52            626.39            565.11            668.48            536.04            586.28            514.93 
bb.gem.m2.commonmode_rmsU = 
           19.045            19.163            17.499            16.335            17.396            15.553            16.896            13.018            20.074            14.446 
bb.gem.m2.commonmode_meanV = 
           570.34            717.66            649.99            669.53            546.73             738.4            576.53            659.18 
bb.gem.m2.commonmode_rmsV = 
            15.76            15.573            14.232            14.159            15.307            14.719            19.627            17.575 


bb.gem.m3.commonmode_meanU = 
            636.8            533.76            709.44            354.38            695.48            477.85            640.42            586.88            696.86            486.03 
bb.gem.m3.commonmode_rmsU = 
           16.447            22.353             16.29            14.732             14.89            13.943            15.936             14.58            19.095            16.809 
bb.gem.m3.commonmode_meanV = 
           598.08            540.93            579.89            707.49            564.32            639.09            657.12            493.63 
bb.gem.m3.commonmode_rmsV = 
           13.145            14.178            15.095            14.976            16.027            15.612            19.599            11.851 


bb.gem.m4.commonmode_meanU = 
           472.47            499.13            494.32            225.43            507.88            322.65             516.9            521.97             481.3            494.93            461.87            471.59            383.83            476.37            459.88             375.7 
            498.6            503.96            494.12            580.09            499.91            481.05            497.06            499.99            517.91            465.56            469.41            501.12            541.73            478.07 
bb.gem.m4.commonmode_rmsU = 
           10.027            18.775            29.868             1.575            28.033            28.296            31.195            33.977            25.266             26.56            22.461            15.206            24.317            19.773            18.337            19.235 
           18.798            15.976            15.671            13.922             13.77            11.945            13.056            11.669            10.046            8.8751            7.8536            8.6768             6.502            6.4722 
bb.gem.m4.commonmode_meanV = 
           266.63            366.32            242.57             446.1            336.08            540.01            536.08            438.24             510.4            510.19            474.03             526.5            529.29            465.89            437.67            537.55 
           379.34            468.43            384.51            574.01            513.07            320.87            434.17            452.34            585.31            626.67            546.27            554.87            580.77            502.91 
bb.gem.m4.commonmode_rmsV = 
           25.318            21.331            21.486             21.33            42.929             40.89             41.45            36.886            28.719            28.796            32.854            25.602            25.109            22.404            23.317            20.718 
           20.105            21.672            12.918            14.637            15.238            16.529            9.9459            10.255            13.003            21.607            12.045            8.2993            9.0688            5.9103 


bb.gem.m5.commonmode_meanU = 
           476.45            523.75            514.28            426.42            465.12            485.59            472.99            429.92            444.91            502.69 
bb.gem.m5.commonmode_rmsU = 
           20.748            18.309            17.948            18.045            17.588            16.505            17.993            14.923            19.997            16.399 
bb.gem.m5.commonmode_meanV = 
           345.81            549.56             491.1            472.13             463.1            483.75            391.63            461.31 
bb.gem.m5.commonmode_rmsV = 
           25.648            21.183             19.82            15.553            20.823             15.29            22.107             17.09 


bb.gem.m6.commonmode_meanU = 
           404.05            377.91            530.75            358.89            422.82            410.68            399.81            536.53            455.43            508.81 
bb.gem.m6.commonmode_rmsU = 
            16.52            21.101            14.465            16.114            15.098            13.065             14.07            17.148            16.037            17.569 
bb.gem.m6.commonmode_meanV = 
           466.42            551.51            512.88            523.93            513.71            468.52            487.85            406.04 
bb.gem.m6.commonmode_rmsV = 
           19.218            24.163            17.285            18.493              17.1            18.028            22.173            16.749 


bb.gem.m7.commonmode_meanU = 
           451.21            440.73            475.39            437.37            464.74            534.64            428.58            468.41            356.63            352.94 
bb.gem.m7.commonmode_rmsU = 
           36.672            33.209            32.158            35.526            33.372            41.123            35.672            41.918            39.087            42.246 
bb.gem.m7.commonmode_meanV = 
           514.89                 0            534.35                 0            454.26                 0            420.72                 0 
bb.gem.m7.commonmode_rmsV = 
           26.187                 0            30.299                 0            28.164                 0            28.662                 0 


bb.gem.m8.commonmode_meanU = 
           534.09            619.83            582.45            454.23            612.15            461.92            516.82            535.71             499.8            544.74 
bb.gem.m8.commonmode_rmsU = 
           7.8468            7.0035              6.97            6.9444            7.6666            7.6885            7.0739            9.0314            8.8083            12.704 
bb.gem.m8.commonmode_meanV = 
           609.83            682.74            547.82             637.4            720.18            515.97             784.4             773.1            611.14            602.53             656.7            805.15 
bb.gem.m8.commonmode_rmsV = 
           9.2464            6.4221            8.0243            7.1582            6.7374            6.6878            8.2768            6.8416            6.4089            9.8396            6.0496             7.878 


bb.gem.m9.commonmode_meanU = 
           551.93             407.9            536.25            404.65            667.44            413.64            534.41            379.03            522.53            520.35 
bb.gem.m9.commonmode_rmsU = 
           13.888            7.3606            8.7318            12.291            12.442            7.2769            7.7568            7.0529            7.5593            9.6183 
bb.gem.m9.commonmode_meanV = 
           561.29            708.36            576.81             524.8            670.21            690.62            737.05            687.22            657.05            651.42            603.99                 0 
bb.gem.m9.commonmode_rmsV = 
            17.65            8.0066            8.4817            7.0857            7.6522            7.7903            8.2651            7.7911            7.4704            7.3556            7.8772                 0 


bb.gem.m10.commonmode_meanU = 
           498.67            304.34            294.52            521.36            528.19            536.86            595.56             557.9            556.44            481.48 
bb.gem.m10.commonmode_rmsU = 
           11.891            8.8964            9.3367            8.9236            8.7919            7.3252            7.8975            8.8192             7.584            8.2307 
bb.gem.m10.commonmode_meanV = 
           657.49            419.36             758.9            664.17             472.1            614.25            576.64            553.82            454.52            390.21            564.81            585.59 
bb.gem.m10.commonmode_rmsV = 
            10.87            8.0531            8.1814            7.9915            7.9121            10.832            8.7316            8.3106            7.9148            8.9257            7.1606            14.571 


bb.gem.m11.commonmode_meanU = 
           496.71             425.9            457.09            464.24            495.28            686.39            740.32            578.89            740.11            658.15 
bb.gem.m11.commonmode_rmsU = 
           7.7439            7.5599            11.509            10.089            9.5769            7.3836            9.9379            21.924            9.8209             15.35 
bb.gem.m11.commonmode_meanV = 
           608.45            681.08            559.72            611.49            545.08            625.57            506.98             395.6             401.2            378.04            448.56            469.79 
bb.gem.m11.commonmode_rmsV = 
           9.0945            7.0283            7.6987            8.0803            8.0207            9.6266            8.2122            7.5177            7.8989            8.3358            6.8386             18.33 

