#Sat Sep 25 01:27:26 2021
# Copy the contents of this file into $DB_DIR/db_bb.gem.dat to use these pedestals for analysis
# format = detname.commonmode_mean(U,V) and detname.commonmode_rms(U,V) = common-mode mean and RMS for U, V strips by APV card in order of position

bb.gem.m0.commonmode_meanU = 
           495.49            408.21            551.73            361.58            274.94            509.75            339.07            549.84            307.04             474.4            346.99            369.71            509.17            408.92            477.61            520.19 
            550.3            497.95            520.15            348.17            454.17            556.07            543.57            479.53            488.55            511.16            384.29            567.52            487.66            414.79 
bb.gem.m0.commonmode_rmsU = 
           16.773            17.392            23.374              27.8            25.565            27.643                29            28.221            20.951            22.893            21.407            22.335            17.302            18.322            20.073            16.097 
           17.397            18.153            13.291            13.865            14.899            17.103            12.749            12.258            12.779              18.2            8.4592            8.7029            8.2227            6.0944 
bb.gem.m0.commonmode_meanV = 
           421.78            327.51            601.65            468.82            522.79            530.95             427.8            429.27            365.83            511.44            478.89            320.08            436.86            475.81             501.8            426.04 
           486.48            572.74            524.55            509.54            550.96            466.49            479.39             554.9            269.95            470.59            565.07            558.15            506.36            446.81 
bb.gem.m0.commonmode_rmsV = 
           17.434             20.06             24.86            26.223            31.922            30.436            30.222            24.427            22.738            22.531            24.144            20.112            19.105            18.179            18.467            19.444 
           17.336            17.172            14.842            14.227            14.317            15.636            7.2469                10            11.556            12.319            14.439            9.4666            14.718            7.4621 


bb.gem.m1.commonmode_meanU = 
           417.11             415.9            448.84             504.3            536.14            491.09            464.14            474.83            505.05            442.83 
bb.gem.m1.commonmode_rmsU = 
           16.206            15.656            14.957            16.854            16.714            16.381            16.847            16.241            20.302             11.99 
bb.gem.m1.commonmode_meanV = 
           496.08            573.77            410.69            483.57            451.86            473.04             407.3            567.27 
bb.gem.m1.commonmode_rmsV = 
           22.045            13.283            15.917            13.486            15.591             13.06            18.069            16.416 


bb.gem.m2.commonmode_meanU = 
           500.13            476.09             475.3            458.23            474.83            447.51               515            417.63            431.16               399 
bb.gem.m2.commonmode_rmsU = 
           18.318            17.451            16.897             15.78            17.832            15.475            17.742            13.981            21.825            15.972 
bb.gem.m2.commonmode_meanV = 
           471.08            574.44            557.98            522.74            453.28            584.36            477.07            497.15 
bb.gem.m2.commonmode_rmsV = 
            15.29            16.649            14.573            15.427            15.625            15.488            19.235            18.579 


bb.gem.m3.commonmode_meanU = 
           490.01            490.29            556.96             313.4            543.71            436.18            491.31            543.67            551.11            448.54 
bb.gem.m3.commonmode_rmsU = 
           18.187            20.142            18.498            15.124            16.234            14.774            17.458            15.485            20.702            18.133 
bb.gem.m3.commonmode_meanV = 
           483.27            438.99            459.81            604.47            450.38            532.85            539.42            390.25 
bb.gem.m3.commonmode_rmsV = 
           13.235            15.723            16.188            16.781            17.253            17.326            20.541            12.711 


bb.gem.m4.commonmode_meanU = 
           447.95            474.21             466.8            516.62            484.89            296.59             489.5            496.22            481.58            495.94            461.55            472.09            384.16            476.21            459.87             374.6 
           497.28            503.25            493.07            580.13            499.25            481.51            497.33            500.12            517.03            465.29            468.62             501.1            540.54            479.87 
bb.gem.m4.commonmode_rmsU = 
           13.777            18.131            25.072            30.353            23.873             23.29            25.445            27.728            21.882            23.228            19.976            14.118            21.785            19.023            20.271            14.978 
           16.462            16.279            11.845            11.236            12.743            13.515            9.7284            9.4985            10.308            12.866            8.9993            9.4517            7.1096            7.0797 
bb.gem.m4.commonmode_meanV = 
           262.94            361.92            239.35            442.27            334.15            536.89            533.63            435.86            508.12            506.47            471.05               522            524.12            459.95            431.33            531.04 
           373.47            461.84            377.29            566.83            506.44            313.95            425.59             445.5            577.93             620.7            539.12            545.91            571.01            493.71 
bb.gem.m4.commonmode_rmsV = 
           21.266            19.016            19.836            20.615            35.185            33.555            34.214            29.796            23.617            23.841            27.733            21.135            21.136            19.244            20.045            18.673 
           18.101            18.153            13.457            14.183            15.768            14.605            11.576            10.076            13.076            17.526            12.106            9.3814            10.447            6.2526 


bb.gem.m5.commonmode_meanU = 
           486.38            523.09            515.77            430.08            470.44            483.92             473.8            431.05            450.94            495.51 
bb.gem.m5.commonmode_rmsU = 
           17.494            17.746            15.695            20.588            13.027            16.416            13.261            16.263            17.222            18.422 
bb.gem.m5.commonmode_meanV = 
           341.59            548.73            489.83            479.53            476.29            488.21             398.2            465.57 
bb.gem.m5.commonmode_rmsV = 
           24.011            18.967            17.104            14.767            18.539             14.85            22.311            15.648 


bb.gem.m6.commonmode_meanU = 
           404.83            379.27            531.09            357.86            425.85            408.18            398.44             535.8            467.11            508.39 
bb.gem.m6.commonmode_rmsU = 
           16.392            24.882            14.722            19.252            18.549            15.315            14.633            18.428            17.208            18.138 
bb.gem.m6.commonmode_meanV = 
           465.17            549.23            505.95            521.42               511            466.78            485.46            402.67 
bb.gem.m6.commonmode_rmsV = 
           22.991             21.98            15.263            17.129            15.835            15.561            21.446            19.231 


bb.gem.m7.commonmode_meanU = 
           465.23            451.86            478.28            455.01            471.09            532.49            444.41            473.96            361.68            363.48 
bb.gem.m7.commonmode_rmsU = 
           29.873             34.41            25.207            32.704            26.469            37.272            31.356            35.903            33.204            43.275 
bb.gem.m7.commonmode_meanV = 
           532.14            443.99            547.22            415.07            467.49            447.65            444.37            451.91 
bb.gem.m7.commonmode_rmsV = 
           26.347            4.1862            29.203            20.305            26.212            31.928            28.643            34.167 


bb.gem.m8.commonmode_meanU = 
           537.55            624.25            586.31            458.57            615.54            461.56            515.11            535.27            498.75            543.51 
bb.gem.m8.commonmode_rmsU = 
           8.6017            7.6949            7.3707             7.899            8.0834            8.7387            7.1497            9.4746            8.7774            11.095 
bb.gem.m8.commonmode_meanV = 
            617.2            689.76            554.87             644.4            727.55            523.24            790.75            779.89            617.94            609.19            662.52            812.28 
bb.gem.m8.commonmode_rmsV = 
            8.285            6.3758            8.8048            7.2871            6.7603            6.7203            7.9814            6.9846            6.5546            8.7835            6.4718            8.3865 


bb.gem.m9.commonmode_meanU = 
           557.45            413.37            541.86            408.28            670.01            412.38            534.88            378.47            522.52            521.29 
bb.gem.m9.commonmode_rmsU = 
           11.142            7.6458            8.4278            10.267            9.2915            9.0875            9.2949            8.4849            9.0702            12.601 
bb.gem.m9.commonmode_meanV = 
            563.6            710.68            578.48            528.06            672.05             693.5            739.45            689.61            658.62            653.84             606.4                 0 
bb.gem.m9.commonmode_rmsV = 
           14.334            7.9309            9.2138            7.1519            6.8944            7.3332            7.8753            7.0515            7.0239            6.9738            7.1795                 0 


bb.gem.m10.commonmode_meanU = 
           498.59            304.78             296.3            522.79            529.61            538.04            597.32            559.24            557.39            481.56 
bb.gem.m10.commonmode_rmsU = 
           11.417            9.9038             9.051             9.481            10.536            9.5783            9.3015            9.6699              9.76            10.114 
bb.gem.m10.commonmode_meanV = 
           605.93            679.62            557.75             610.4             543.2            623.31            505.43            394.19            400.19            376.52            447.48            468.34 
bb.gem.m10.commonmode_rmsV = 
           10.664            7.1507            7.7457            8.0269            7.9137            8.5891            8.0738            7.9203            8.2816            9.2998            7.3761            13.127 


bb.gem.m11.commonmode_meanU = 
           495.85            425.07            456.69             464.9            495.03            684.22            737.39            576.24            736.44            655.14 
bb.gem.m11.commonmode_rmsU = 
           8.6999            7.3965            9.5309            8.4863            9.1315            10.767            12.937            13.156            8.3104            12.313 
bb.gem.m11.commonmode_meanV = 
           658.09            419.94            759.12            664.42             470.7            615.42            578.16            553.39            454.22            391.27            565.43            586.15 
bb.gem.m11.commonmode_rmsV = 
           11.742            8.6954             9.222            8.6106            9.0202            10.357            9.6652             9.581             8.513            10.954            7.8199             11.85 

