#Sat Sep 25 00:33:14 2021
# Copy the contents of this file into $DB_DIR/db_bb.gem.dat to use these pedestals for analysis
# format = detname.commonmode_mean(U,V) and detname.commonmode_rms(U,V) = common-mode mean and RMS for U, V strips by APV card in order of position

bb.gem.m0.commonmode_meanU = 
           493.99            407.48            551.16            360.77            273.62               508            336.64            547.11            305.64            472.71            343.86            368.04            509.05            408.15            475.69            519.67 
           549.28             496.2            519.94            348.49            453.23               556            543.95            480.05            487.83            510.54             384.8            568.67            487.44            414.03 
bb.gem.m0.commonmode_rmsU = 
           16.749            17.139            22.656            26.996            25.176            27.093            28.311            27.332            20.152             22.26            20.906            21.652            16.438            17.799            19.358            14.944 
           16.982            17.716            13.958            14.254            15.625            17.337            13.286            13.629            14.129            17.371            9.4132             10.03            9.7591             6.796 
bb.gem.m0.commonmode_meanV = 
           422.76            329.39            605.27            471.58            526.09            533.93            430.44            429.75            368.25            513.68            481.67            321.19            438.84            477.06             502.6            427.81 
           487.96             573.8             527.3            510.93            551.49            467.03            480.44            555.44            269.77            470.14            565.16            559.66            509.13            447.51 
bb.gem.m0.commonmode_rmsV = 
           17.378            19.609            24.313            25.101            30.882            29.475            29.273            23.204            21.755            21.603            23.255            19.185            18.393            17.178            17.057            18.848 
           17.008            17.153            14.447            14.979            15.655            15.638            7.3438            11.338            12.903            12.102            15.213             10.49            16.405            7.9793 


bb.gem.m1.commonmode_meanU = 
           415.54             414.5            447.97            504.71            536.65             492.7            463.87            477.42            506.23            444.69 
bb.gem.m1.commonmode_rmsU = 
           16.685            16.925            15.189            17.762            16.697            17.291            16.495            17.387            19.646            12.695 
bb.gem.m1.commonmode_meanV = 
            498.6            571.27            411.81            480.91            454.17            469.37            409.58            563.59 
bb.gem.m1.commonmode_rmsV = 
           23.725            13.797            17.763            14.066            17.246            14.155            19.624            17.087 


bb.gem.m2.commonmode_meanU = 
           498.52            475.02            472.88            457.45            473.57            444.94            513.68            415.58            429.31            396.89 
bb.gem.m2.commonmode_rmsU = 
           19.307              17.8            17.749            15.866            18.009            15.965            17.813            14.326            21.504            15.864 
bb.gem.m2.commonmode_meanV = 
           462.14            559.47            548.97            507.75            443.14            568.71            469.27            481.19 
bb.gem.m2.commonmode_rmsV = 
           17.105            16.848            15.967            15.453            16.911             15.98             20.58            18.603 


bb.gem.m3.commonmode_meanU = 
           474.71            492.33            541.76            314.69            529.56            436.32             477.6            543.09            541.78            449.22 
bb.gem.m3.commonmode_rmsU = 
           18.372             21.12            19.001            15.815             16.62            15.418            17.695            15.947            20.571            18.369 
bb.gem.m3.commonmode_meanV = 
           480.39            437.58            458.07            605.96            449.72            534.38            540.02            390.61 
bb.gem.m3.commonmode_rmsV = 
            14.29            16.334            16.786            17.545            18.259            18.191            21.966            13.173 


bb.gem.m4.commonmode_meanU = 
           450.14            475.64            469.77            516.74            487.68             298.5            492.49            498.79            484.87            497.64            463.47            473.55            385.53            478.61            462.36            376.03 
           498.93            504.52            494.14            581.45            501.24            482.51            497.45            500.61             519.3            467.12            468.92            501.13            542.62            480.36 
bb.gem.m4.commonmode_rmsU = 
            13.46            17.365            23.912             28.64            23.401            22.292            24.187            26.227            21.122            22.178            19.024             13.48            21.025            18.282            20.132             14.49 
           16.762             16.46            12.931            12.807            13.779            15.348            10.913            11.006            11.064            14.423            9.2918            10.075            7.5352            7.8565 
bb.gem.m4.commonmode_meanV = 
           260.82            359.84            237.78             441.9            331.04            534.79             531.3            432.88             507.4            505.95            469.87             522.4            523.73            459.22            431.12            530.46 
           371.46            460.14            376.24            567.43            505.85            311.94            427.09            444.74            577.19            618.36            539.75            546.74            573.49            495.56 
bb.gem.m4.commonmode_rmsV = 
           21.794            18.511            19.242            19.249            33.345            30.855            31.703            27.484             22.32            22.235            26.329            20.462            19.689            18.208            19.526             16.88 
           16.972            18.224            13.008            14.175            15.447            15.095            11.703            10.343            12.333            18.274            11.527            9.0561            10.359             6.346 


bb.gem.m5.commonmode_meanU = 
                0                 0                 0                 0                 0                 0                 0                 0                 0                 0 
bb.gem.m5.commonmode_rmsU = 
                0                 0                 0                 0                 0                 0                 0                 0                 0                 0 
bb.gem.m5.commonmode_meanV = 
                0                 0                 0                 0                 0                 0                 0                 0 
bb.gem.m5.commonmode_rmsV = 
                0                 0                 0                 0                 0                 0                 0                 0 


bb.gem.m6.commonmode_meanU = 
                0                 0                 0                 0                 0                 0                 0                 0                 0                 0 
bb.gem.m6.commonmode_rmsU = 
                0                 0                 0                 0                 0                 0                 0                 0                 0                 0 
bb.gem.m6.commonmode_meanV = 
                0                 0                 0                 0                 0                 0                 0                 0 
bb.gem.m6.commonmode_rmsV = 
                0                 0                 0                 0                 0                 0                 0                 0 


bb.gem.m7.commonmode_meanU = 
                0                 0                 0                 0                 0                 0                 0                 0                 0                 0 
bb.gem.m7.commonmode_rmsU = 
                0                 0                 0                 0                 0                 0                 0                 0                 0                 0 
bb.gem.m7.commonmode_meanV = 
                0                 0                 0                 0                 0                 0                 0                 0 
bb.gem.m7.commonmode_rmsV = 
                0                 0                 0                 0                 0                 0                 0                 0 


bb.gem.m8.commonmode_meanU = 
           539.94            627.54            588.77             460.7            619.03            462.73            516.05            535.38            499.24            543.98 
bb.gem.m8.commonmode_rmsU = 
           8.0692            8.0486            7.8835            7.9102            8.4015            8.4454            7.4939            8.8987             9.318             11.78 
bb.gem.m8.commonmode_meanV = 
           622.16            694.39            557.73            648.88            732.03            526.35            797.37            786.04            621.77             612.1            666.35             818.4 
bb.gem.m8.commonmode_rmsV = 
           8.8525            6.4326            8.6744            7.4435            6.8203            6.9377            8.4409            7.1124            6.9036            9.3489            6.6132            8.5171 


bb.gem.m9.commonmode_meanU = 
           558.33            414.17            542.52            409.29            670.58            409.91            532.72            375.68             520.1            518.44 
bb.gem.m9.commonmode_rmsU = 
           11.952            9.0521             8.341            10.627            9.9188            8.5364            9.0543             7.784            8.2744            10.699 
bb.gem.m9.commonmode_meanV = 
           565.94            712.38            579.52            528.66            673.76            694.19            740.35            690.67            660.22            654.92            607.64                 0 
bb.gem.m9.commonmode_rmsV = 
           13.588            7.9335            9.9287            7.4233            7.3796            7.8505            7.9006            7.6839            7.6794            7.2846            7.9372                 0 


bb.gem.m10.commonmode_meanU = 
           498.45            304.75            294.08             522.2            528.43            537.91            597.07            559.03            556.86             480.4 
bb.gem.m10.commonmode_rmsU = 
           11.108            10.066            9.0043            9.3983            9.9032            9.4064            9.9121            10.086            9.9778            10.465 
bb.gem.m10.commonmode_meanV = 
           609.22            682.31            559.49            612.32            545.77            625.05            507.57               396            401.67            378.43            449.76            470.94 
bb.gem.m10.commonmode_rmsV = 
           10.448            7.3221            8.0005            8.4001            8.2823            9.2982            8.0473            7.7285            8.0072            8.9681            7.0879            13.657 


bb.gem.m11.commonmode_meanU = 
           497.89             427.2            459.25            467.72            497.21             686.8            740.38            577.81            739.74            656.97 
bb.gem.m11.commonmode_rmsU = 
           8.9486            7.0685            9.9034             8.881             8.874            11.059            13.088            12.945            9.7126            12.389 
bb.gem.m11.commonmode_meanV = 
           659.41            419.38            759.27             663.5             469.7            613.96            577.21            552.68            453.42            390.23            564.94            586.25 
bb.gem.m11.commonmode_rmsV = 
           11.569              8.57            8.7431            8.4291            7.7785            9.9894            9.0145            9.2794            7.9759            10.618            7.5274            12.335 

