#Wed Dec  1 12:43:28 2021
# Copy the contents of this file into $DB_DIR/db_bb.gem.dat to use these pedestals for analysis
# format = detname.commonmode_mean(U,V) and detname.commonmode_rms(U,V) = common-mode mean and RMS for U, V strips by APV card in order of position

bb.gem.m0.commonmode_meanU = 
           487.94            403.12            543.95            357.23            271.74             502.3            333.75            540.57            302.94            467.83            341.01            363.14            503.89            401.96            470.31            514.21 
           542.81            490.47            512.95            342.74             446.7            548.24             537.1             473.7            479.44            501.34            379.48            561.69            482.45            410.64 
bb.gem.m0.commonmode_rmsU = 
            13.15            12.411            15.181            17.688            16.685            17.032            17.133            16.565            12.334            13.188            12.018            12.496            10.243              10.6            11.907            11.244 
           11.285            11.665            11.328            10.356            10.963            13.969             12.99            11.371            11.135            17.054             8.026            8.5557            8.2676            6.4981 
bb.gem.m0.commonmode_meanV = 
           421.43            331.06            601.36            467.98            523.18            530.14            427.76             429.2            369.45            512.59            479.55            324.46            438.45            476.21            503.15            425.11 
            486.5             571.9            526.21            510.27            551.21             465.8            484.17            558.37            276.77            475.22            569.36            565.94            513.43            454.21 
bb.gem.m0.commonmode_rmsV = 
            18.55            18.105            19.601            18.595            25.422            24.509            23.757            20.231             13.56            14.952             17.42            16.573              12.6            13.244            16.299            12.951 
           14.029            18.267              9.36            11.946            14.455            19.947            6.9822            8.1551            11.676             18.55            17.652            12.487             13.99            7.3851 


bb.gem.m1.commonmode_meanU = 
           487.75            489.56            515.12            583.18            602.16            569.96               531            557.81            572.85            515.87 
bb.gem.m1.commonmode_rmsU = 
           15.887             18.18            17.084            18.504             20.71            17.425            20.837            17.327            22.797            18.686 
bb.gem.m1.commonmode_meanV = 
           500.23            717.37            411.41            634.33            453.42             622.4            408.95            714.59 
bb.gem.m1.commonmode_rmsV = 
           24.149            15.769            16.008            16.263            14.556            15.535            17.048            19.839 


bb.gem.m2.commonmode_meanU = 
           652.34            589.57            628.86            569.23            626.55            562.79            667.37            534.59            586.89            514.76 
bb.gem.m2.commonmode_rmsU = 
           24.185            21.428            22.282            18.953            21.454            18.418            20.429            15.588             22.39            17.008 
bb.gem.m2.commonmode_meanV = 
           574.78            713.73               654            665.71            553.03            735.42            582.31            658.22 
bb.gem.m2.commonmode_rmsV = 
           17.093            20.011            16.676            17.499            17.849            17.819            22.114            19.421 


bb.gem.m3.commonmode_meanU = 
           636.11            531.85             708.8            355.03            693.65            475.92             639.4            584.47            696.19            485.26 
bb.gem.m3.commonmode_rmsU = 
           27.519            26.915            24.066            18.944            20.178            17.114            19.236            16.768            20.682            18.189 
bb.gem.m3.commonmode_meanV = 
            597.8            539.81            580.26             705.8            564.65            638.97            657.94            493.54 
bb.gem.m3.commonmode_rmsV = 
           16.126            18.739            21.015            18.631            22.357            18.967            25.458            14.257 


bb.gem.m4.commonmode_meanU = 
           463.24             488.3            482.63            534.02             501.1            315.75            507.99            512.97            485.33            497.94            465.96            475.12            383.09            474.12            460.29            372.78 
           496.32            504.22            494.64            579.88            499.88            481.28            499.94            503.69            520.98            469.87            469.04            502.89            542.93             480.6 
bb.gem.m4.commonmode_rmsU = 
           19.229            21.372            28.256            33.244            26.775            26.178            29.139            31.879            23.369            25.281            22.694            16.781            22.655            21.801            25.323            15.834 
           19.801            21.884            12.066            13.561            17.028            20.198            9.6258            10.197             12.54            20.197              8.65            8.5325            8.0613            9.5411 
bb.gem.m4.commonmode_meanV = 
           267.08            364.67            242.35            442.15            335.84            535.93            531.74             432.9            506.88            507.29            471.18            524.26            524.79            462.54            435.18            530.19 
           373.96            461.96            379.76            569.24            508.65            318.42            429.21            446.98            580.98            623.39            540.82             551.2            576.44            498.85 
bb.gem.m4.commonmode_rmsV = 
           16.564            17.923            20.119            23.271            32.435            31.155            32.918            28.653             24.77            24.149            28.097            21.881            22.096            19.748            19.828            18.794 
           17.279             16.45            15.617            14.283            13.588            12.529            14.775            11.033            11.038            16.007            9.3548            9.9636            12.891            8.6396 


bb.gem.m5.commonmode_meanU = 
           513.06            331.94             511.2            309.32            505.86            445.85            515.71            528.89            472.75             471.3            490.71            461.38            367.59            433.68             444.5            449.67 
           312.44            496.04            538.03            331.93            294.35            493.07             489.1            352.89            455.53            429.99            504.29            389.58            450.13            335.51 
bb.gem.m5.commonmode_rmsU = 
           12.843            13.068            14.588            12.759            13.818            15.988            17.394            20.801            13.322            15.076            15.565            21.156            15.483            18.768             24.79            15.903 
           19.313            14.533            19.164            18.542            20.294             19.25            15.303             16.02            19.127            23.764             13.38            15.469            21.761            22.583 
bb.gem.m5.commonmode_meanV = 
           493.04            422.79            449.67            478.76            308.05            394.85            374.72            278.43            371.38            533.67            425.98            369.73            399.77            582.22            393.44            510.93 
           452.06             356.7            552.97            522.08            585.18            474.55            286.98            350.78            517.86            473.03            370.38            350.08            617.12             565.7 
bb.gem.m5.commonmode_rmsV = 
           15.673            12.946            13.798            13.058             10.13            12.151            10.439            15.057            12.247            12.928            14.096            15.974            15.639            14.227            13.175            23.146 
           16.786            12.917            24.072            24.639            17.168            17.872            23.066            18.723            17.223            10.942            27.357            17.338            23.325            20.765 


bb.gem.m6.commonmode_meanU = 
           513.87            599.47            562.72            434.32             593.1            453.42            505.58            525.42             488.7            532.56 
bb.gem.m6.commonmode_rmsU = 
           7.3332            7.0188            6.7642            6.7407            7.1081            7.7925             7.366            8.6196            7.5324            9.5837 
bb.gem.m6.commonmode_meanV = 
           586.39            657.72            523.28            612.49            696.28            491.42            757.46            746.05             586.3            578.13            631.87            776.27 
bb.gem.m6.commonmode_rmsV = 
           8.7947            6.4667            7.8595            7.1689            6.6521             6.698            8.3107            6.8106            6.3395            9.8943            6.1313            8.0566 


bb.gem.m7.commonmode_meanU = 
           532.15            391.74            518.78            386.65            645.75            403.36            523.18            368.74            509.23             508.7 
bb.gem.m7.commonmode_rmsU = 
           10.178            7.4176            8.5283            8.6837            8.6483            7.1691             7.772            6.9499            7.1094            9.3739 
bb.gem.m7.commonmode_meanV = 
           541.35            686.28             555.9            505.18            648.61            668.39            715.45            665.05            634.99            630.11            583.44                 0 
bb.gem.m7.commonmode_rmsV = 
           13.849            7.4954            8.6472            7.1254            7.4951            7.4919            8.0592            7.3087            6.9336            6.8258            7.5201                 0 


bb.gem.m8.commonmode_meanU = 
           496.33            303.84             293.5            519.74            523.21            525.78             584.1            547.34            546.62            470.57 
bb.gem.m8.commonmode_rmsU = 
           9.2744            7.7586            7.6601             8.047             8.075            7.3788            7.8756            8.4677            7.4098            8.2747 
bb.gem.m8.commonmode_meanV = 
           648.29            409.67            744.68            652.08            461.05            602.03            565.23            541.18            442.92            379.86            552.92            571.63 
bb.gem.m8.commonmode_rmsV = 
           9.9133            7.3159            7.2843             7.358            7.2709            10.414             8.277            7.7257            7.5806            8.7354            7.2331            13.125 


bb.gem.m9.commonmode_meanU = 
           492.87            423.81            455.71            462.58            493.21            704.17            757.11            596.75            757.33            675.55 
bb.gem.m9.commonmode_rmsU = 
            7.626            7.3544            9.8904            9.1718            8.9986            7.6025            8.3818            15.336            10.219            10.653 
bb.gem.m9.commonmode_meanV = 
           596.42            667.18            546.93            598.41            530.17            611.05            493.28            384.06            389.66            367.36            437.29            458.07 
bb.gem.m9.commonmode_rmsV = 
            8.982            6.6271            6.8907            7.3412            7.2582            8.8516            7.6829            6.9772            7.5622            8.1368            6.6796            13.683 

