#Thu Sep 30 12:00:53 2021
# Copy the contents of this file into $DB_DIR/db_bb.gem.dat to use these pedestals for analysis
# format = detname.commonmode_mean(U,V) and detname.commonmode_rms(U,V) = common-mode mean and RMS for U, V strips by APV card in order of position

bb.gem.m0.commonmode_meanU = 
           494.53            408.32            551.43            362.16            274.19            509.29            338.18             549.2            306.99            474.24             344.6            368.46            509.82            408.34            477.21             520.4 
           549.57            496.64            520.91            348.84            453.51            555.87            545.21            480.72            488.24            508.98            385.98            568.73            487.95            414.89 
bb.gem.m0.commonmode_rmsU = 
           18.064            18.728            25.077            30.152            27.412            29.725            31.134            30.299            21.726            24.467            22.938            23.578            17.547            18.899            20.939            15.924 
           18.177            19.065            14.414            14.501             16.77            18.594             13.04            14.049            15.316            18.462            9.4592            10.472            10.413            7.0827 
bb.gem.m0.commonmode_meanV = 
           421.75            328.94            604.37            470.42            525.06            532.97            429.44            429.77            368.14            513.53            480.88            320.88            438.11            476.05            502.78            426.98 
           488.46            573.32             526.3            511.39            551.65            467.08             480.5            555.95            270.14            470.84            565.31            559.22             507.9            447.27 
bb.gem.m0.commonmode_rmsV = 
           18.703             21.26            26.392            27.338            33.727            31.984            31.689            25.065            23.542            23.293            24.811            20.371            20.036            18.503             18.32            20.533 
           18.708            18.141             15.89            16.742            17.602            16.869            8.2271            12.765            15.101            12.472            16.716            11.034            18.452            8.8663 


bb.gem.m1.commonmode_meanU = 
           423.41            422.15            454.78            514.14            542.49            501.06             471.2            485.88            511.36            449.97 
bb.gem.m1.commonmode_rmsU = 
           16.301            16.425             14.74            17.591            16.323            17.074             16.76            17.044            20.257            12.495 
bb.gem.m1.commonmode_meanV = 
           501.18            650.95            412.84            563.47            454.48            552.43            409.27            646.38 
bb.gem.m1.commonmode_rmsV = 
           22.572            13.607            16.786            13.728             16.12            13.729            18.686            17.298 


bb.gem.m2.commonmode_meanU = 
           584.36            522.99            558.89            504.23            557.53            494.66             599.4            464.72            516.75            444.85 
bb.gem.m2.commonmode_rmsU = 
           18.909            17.755             17.89            15.752            18.421            16.125            18.621             14.74            22.708            16.541 
bb.gem.m2.commonmode_meanV = 
           512.05            654.33            596.44            603.28            490.94            669.16            519.09            585.48 
bb.gem.m2.commonmode_rmsV = 
           16.243            17.128            15.582            16.173            16.626            16.928            20.585            19.665 


bb.gem.m3.commonmode_meanU = 
           570.59            496.72            641.53            318.49            628.14            440.11            574.26            548.37             634.3            450.78 
bb.gem.m3.commonmode_rmsU = 
           17.943            20.366            18.883            15.007            16.873            15.262            18.189            16.004            22.075            18.205 
bb.gem.m3.commonmode_meanV = 
           528.36             471.1            507.55            638.13            495.76            566.27            587.67            423.26 
bb.gem.m3.commonmode_rmsV = 
           13.505             16.49             16.23            17.295            17.579             17.49            21.352             12.08 


bb.gem.m4.commonmode_meanU = 
           459.53            484.71            478.49            529.19            494.74            308.55            501.99            506.99            483.21            496.21            463.36            473.01            385.09            477.74               461            375.81 
            501.6            505.15            494.25            581.02            501.04            481.93            497.65            500.78            519.35            466.92            480.13            498.83             538.1            479.74 
bb.gem.m4.commonmode_rmsU = 
            15.01            21.364            29.861            36.386            28.178             27.65            30.064            32.473            25.853            27.248            23.407            16.258            25.104            21.842            22.807            17.747 
           19.482             18.32            15.286            14.464            15.473            16.174             12.52            12.003            11.733             14.83             4.657            9.3369             7.259             8.801 
bb.gem.m4.commonmode_meanV = 
           261.82             360.5            238.37            442.38            331.87            535.99             532.3            433.56            506.36            506.53            471.19            523.09            523.75            458.99            431.63            531.08 
           372.81            461.46            377.18            568.55            506.71            313.94            427.22            444.29            579.25            619.35            539.14            546.57            570.57            494.92 
bb.gem.m4.commonmode_rmsV = 
            21.16            21.143            23.347            25.398            39.664            38.268            39.585            34.864            27.204            27.267            31.672            24.509            23.918            21.768             22.92            20.125 
           19.741            20.451            14.681            16.141            16.743            16.282            11.939            10.925            12.839            17.033            11.331            9.2106            10.308            6.2938 


bb.gem.m5.commonmode_meanU = 
           474.85            522.72             515.7            425.09            464.93            483.75            473.79            431.55            447.23            504.31 
bb.gem.m5.commonmode_rmsU = 
           17.744            18.589            15.831            19.798            15.842            18.896            16.145            17.936            18.914            21.302 
bb.gem.m5.commonmode_meanV = 
           347.02            546.62            491.94            470.28            464.18            483.03            395.11            459.02 
bb.gem.m5.commonmode_rmsV = 
           26.435            20.037            18.862             16.61            18.556            16.822            19.237            17.741 


bb.gem.m6.commonmode_meanU = 
           403.49            376.79             531.6            356.77            423.94            409.67            401.23            536.37            457.62            508.26 
bb.gem.m6.commonmode_rmsU = 
           16.892            24.665            15.383            19.479            16.439            15.713            15.334            20.062            18.938            20.146 
bb.gem.m6.commonmode_meanV = 
           463.92            551.69            510.87            520.54               513             463.8             486.7            404.41 
bb.gem.m6.commonmode_rmsV = 
           20.718            22.405            16.421            17.013            16.768             17.62            22.292            18.336 


bb.gem.m7.commonmode_meanU = 
           449.22            437.84             475.9            438.44             465.4            534.06            428.98            468.91            356.78            356.37 
bb.gem.m7.commonmode_rmsU = 
           30.961            33.041            25.221            34.536              26.1            39.698            28.433            41.074            31.877            42.413 
bb.gem.m7.commonmode_meanV = 
           523.42            443.92            540.38            419.95            455.04            439.98            427.71            438.75 
bb.gem.m7.commonmode_rmsV = 
           25.606            4.1408            29.339            21.807            27.461            34.008             26.75            34.466 


bb.gem.m8.commonmode_meanU = 
            537.1            624.97            586.19            459.26            617.26            462.07            515.33            535.49            498.82            544.94 
bb.gem.m8.commonmode_rmsU = 
           8.2626            7.8573            7.6863            8.1233            8.5093            8.5219            7.3723             9.547            9.0425            11.481 
bb.gem.m8.commonmode_meanV = 
            619.6            691.25            555.87            646.05            728.93            523.36            792.73             782.1            619.25            609.82            664.51            814.51 
bb.gem.m8.commonmode_rmsV = 
           8.2078            6.3762            9.4117            7.5983            6.6744            6.9864            8.2905            7.4889            7.3146            9.2931             6.906            8.4302 


bb.gem.m9.commonmode_meanU = 
           558.02            413.51            541.61            407.93            669.39            413.91            535.99            378.75            522.72             521.3 
bb.gem.m9.commonmode_rmsU = 
           11.085            7.8789            9.2183            9.9168            9.5408             8.177            8.6108            7.6594            8.1453            11.131 
bb.gem.m9.commonmode_meanV = 
           564.44            711.64            579.04             527.7            673.64            693.67            739.36            689.64            658.68             654.1            606.44                 0 
bb.gem.m9.commonmode_rmsV = 
           13.767            7.6655            9.2058            7.5916            7.5922            8.2247            8.3103            7.5893            7.5197            7.1802             7.751                 0 


bb.gem.m10.commonmode_meanU = 
           497.47            302.92            294.16            521.47            528.58             539.2            597.43            558.92            558.52            483.33 
bb.gem.m10.commonmode_rmsU = 
           11.057            9.4405              8.95            9.4118            10.118            9.1504            9.3846            9.2641            8.9084            9.5873 
bb.gem.m10.commonmode_meanV = 
           660.29            420.24            760.63            665.43            471.49            615.24            578.64            554.17            454.74            390.18            566.33            586.26 
bb.gem.m10.commonmode_rmsV = 
           11.443            8.3659            8.3977            8.1074            7.6387            10.045            8.9118            8.7385            8.2032            10.582            7.8805            12.031 


bb.gem.m11.commonmode_meanU = 
           497.36            426.04            457.51            466.18            496.74            686.21             739.2            578.09            739.03            656.93 
bb.gem.m11.commonmode_rmsU = 
           8.9304            7.5491            9.5423            8.9348            9.0836            9.5482            11.975            13.524            9.5302            12.616 
bb.gem.m11.commonmode_meanV = 
           610.01            681.58            559.23            611.26            544.54             625.6            506.68            395.14             400.4            377.25            447.76            468.85 
bb.gem.m11.commonmode_rmsV = 
           10.057            7.1432            7.7384            8.1779             8.114            9.1482            7.9984             7.618            7.9498            8.8211            7.0491            14.132 

