#Sun Jan 23 15:10:54 2022
# Copy the contents of this file into $DB_DIR/db_bb.gem.dat to use these pedestals for analysis
# format = detname.commonmode_mean(U,V) and detname.commonmode_rms(U,V) = common-mode mean and RMS for U, V strips by APV card in order of position

bb.gem.m0.commonmode_meanU = 
           490.68             405.7             547.6            360.55            274.76            504.07            337.76            546.02            308.45            471.64            346.03            367.31            507.56            405.24            474.07            516.21 
           543.31            491.84               515            344.99            450.67            549.52            538.52            476.12            483.43            504.49            384.06             566.1               487            415.61 
bb.gem.m0.commonmode_rmsU = 
           9.9213            8.6802            8.9085            10.619            9.6654            11.073            12.351            15.464            9.6702            10.472             10.12            14.745            9.1866            9.8891            16.189            11.495 
           9.9341            12.756            12.716            9.5584            12.629            23.185            20.293            12.262            10.878            25.473            7.7386             8.535             8.167            6.5111 
bb.gem.m0.commonmode_meanV = 
           418.91             329.4             598.4            466.72            520.93            527.73             426.3            428.09            369.66            511.75            478.41            324.42            452.74            441.42             415.5            530.28 
           424.51            433.59            524.33            507.18            549.01            464.12            481.71            557.05            277.25             474.4            569.92             565.7            513.29            452.26 
bb.gem.m0.commonmode_rmsV = 
           8.2455            8.5159            10.069            10.354            9.4979            9.9763            12.423            12.121            11.222             7.855            11.301            12.467            9.9387            12.758             22.95            18.818 
           10.136            18.518            13.249            8.3396             10.77            18.536            10.382            8.6816            9.9556            19.607            19.777            12.715            12.807            7.7625 


bb.gem.m1.commonmode_meanU = 
           511.92            496.45             479.1            642.04            394.27            517.59            502.58            559.98            382.23            494.66            476.55            553.23            461.21            482.37            529.93            536.63 
           431.83            482.06            429.19            457.92            516.94            521.41            394.87             440.6            459.91            547.56            533.01            415.58            525.33            543.65 
bb.gem.m1.commonmode_rmsU = 
           9.4855            10.444            10.843            12.677            10.231            10.359            9.9118            12.003            11.531            11.066            14.288            16.135            14.868            13.619            14.614            16.812 
           12.467            13.395            6.5408            13.472            11.812            13.507            12.105            12.335            12.217            11.908            8.3302            8.4447            9.2112            12.816 
bb.gem.m1.commonmode_meanV = 
           499.94            521.92            481.98             485.9            552.62            576.59            526.87            491.44            526.51            522.14            348.78            503.74            381.21            559.72            574.56            577.46 
           510.35            551.48            562.92            415.87            595.88            433.76            536.56            469.93            495.02            580.96            462.56            467.09            412.48            379.82 
bb.gem.m1.commonmode_rmsV = 
           13.248            10.288            8.6967             12.07            10.367             11.29            13.652            11.548            18.667            10.578            12.153            10.703            16.556            16.337             19.62             13.25 
           11.606            12.924            10.879            10.078            11.449            11.066             12.36            10.471            9.7222            8.7284            14.568            10.129            9.3584            9.5673 


bb.gem.m2.commonmode_meanU = 
           457.11            483.15            476.55            524.24            493.72            307.68            500.49            506.17            482.84            495.42            463.21            471.66            545.63            442.43            471.32            410.27 
           474.82            457.22            494.71            579.01            498.97            478.98            499.72            504.27            520.15            466.65            470.52            502.79            542.82            480.88 
bb.gem.m2.commonmode_rmsU = 
           16.243            11.754            12.087            11.823            10.031             9.619            10.457            11.737            8.4502            9.2717            8.1753            6.9365            12.989            12.261            12.847            13.208 
           15.358            16.257            9.4593             8.575            8.7792            12.738            10.995            8.1119             8.629             17.61            8.9499            8.3353            6.9379            8.7168 
bb.gem.m2.commonmode_meanV = 
           264.47            361.29            237.72            440.19            332.88            532.39            528.58            430.07            503.51            503.78            467.13            520.28            430.42            465.38            527.95            437.01 
           503.44            451.23            376.14             565.7            504.11            313.19            424.68            441.96            575.79            617.93            535.93            545.19            569.52            491.96 
bb.gem.m2.commonmode_rmsV = 
           21.142            10.998             9.853            13.164            17.036            14.195             13.96            13.242            8.1625            7.6323            11.408            9.1511            9.3758            9.6253            12.222            11.039 
           14.392            17.398             9.785            8.8023            10.852            11.053            10.281            7.5008            11.136            22.482            11.937            10.384            16.352            11.242 


bb.gem.m3.commonmode_meanU = 
           514.99            333.21             511.7            310.47            506.32            446.47            516.67            530.68             472.8            471.16            493.67            463.99             443.8            444.17            482.42            490.08 
           463.55             569.7            544.28            335.26            297.55            500.67             491.5            356.12            458.11            504.04            504.34            390.65            450.75            336.38 
bb.gem.m3.commonmode_rmsU = 
           13.742            14.806            18.152             15.32            15.962            18.265             19.46            20.347            16.133            17.447            16.285            19.101            18.476            24.537            31.737            19.204 
           15.934            14.886            16.719              14.1            14.221            12.323            16.732            14.732             13.86            14.185            12.504            14.606             18.86             22.92 
bb.gem.m3.commonmode_meanV = 
           449.53            425.08            456.24            488.47            314.86               402             381.8            285.63            373.91             536.8            427.55            371.57            457.84            534.26            396.06            393.39 
           425.31            390.54            555.21            523.34            587.43            887.61            294.56             352.6            519.25            474.12            375.27            353.77            620.53            568.68 
bb.gem.m3.commonmode_rmsV = 
           9.8729            10.196            12.018            12.215            10.162            10.941            9.1227            12.937            9.9396            11.512            13.022            13.361            9.0089            9.4893            10.947            12.367 
           11.297            11.636            10.876            12.632            11.449            37.758            9.6164            9.8772            12.353            7.9848            10.809            9.3375            13.303            12.737 


bb.gem.m4.commonmode_meanU = 
           513.92            598.56            561.05             434.2            589.99             452.1            505.73            525.13            487.87            532.27 
bb.gem.m4.commonmode_rmsU = 
           7.9642            6.9475            6.6426            6.7321            7.3483            7.9958            6.9948             8.175            7.4951            11.927 
bb.gem.m4.commonmode_meanV = 
            587.2            658.61            523.85            611.89            694.81            491.91            757.26            744.91            586.68            578.57            632.48            776.63 
bb.gem.m4.commonmode_rmsV = 
           9.2522             6.406             7.939            7.0289            6.5911            7.0742             8.214            6.7115            6.2998            9.7617            6.1726            8.4535 


bb.gem.m5.commonmode_meanU = 
           532.74            393.02             519.1            386.07            645.15            404.31            524.37            371.11            513.96            513.29 
bb.gem.m5.commonmode_rmsU = 
           11.885            7.9197            8.2267            6.8843            11.789            7.5948            8.1215            7.3186             7.693            28.803 
bb.gem.m5.commonmode_meanV = 
           543.98            688.43            558.35            507.39            650.28            670.82            717.78            667.88            636.64            633.37            585.43                 0 
bb.gem.m5.commonmode_rmsV = 
           14.284            7.3334            8.7477            7.2957             7.893            8.0174            8.6667            7.9783            7.7195            7.4583            7.8829                 0 


bb.gem.m6.commonmode_meanU = 
           497.45            305.75            295.06            521.01            524.99             525.3            583.54            546.46            545.71            469.88 
bb.gem.m6.commonmode_rmsU = 
           9.4054            7.8104            7.7381            8.0131            8.3129            8.7293            8.6047            8.6998            7.9057              8.22 
bb.gem.m6.commonmode_meanV = 
           648.79            411.36            744.29            652.49            462.22            603.29            566.67            541.58            444.68            381.22            553.67            574.22 
bb.gem.m6.commonmode_rmsV = 
           9.8325             10.33            7.5421            7.4576            7.2007            10.091            8.1828            7.6758            7.5148            8.7427            7.2858             13.57 


bb.gem.m7.commonmode_meanU = 
           492.33            423.68            455.51            460.76             492.4            697.01             749.8            591.12            749.24            668.62 
bb.gem.m7.commonmode_rmsU = 
           8.0173            7.9084            11.392            10.329            10.412            7.6883            8.2947             14.31            9.0214            11.448 
bb.gem.m7.commonmode_meanV = 
           596.86            667.92             547.3            598.51            531.09            611.06            494.13            384.82               391            368.52            437.97            458.49 
bb.gem.m7.commonmode_rmsV = 
           8.3979            7.5077            7.9953            8.4383            8.3972            9.7554            8.5558            7.8882            8.2698            8.5212             6.707            15.394 

