#Tue Jan 11 11:11:21 2022
# Copy the contents of this file into $DB_DIR/db_bb.gem.dat to use these pedestals for analysis
# format = detname.commonmode_mean(U,V) and detname.commonmode_rms(U,V) = common-mode mean and RMS for U, V strips by APV card in order of position

bb.gem.m0.commonmode_meanU = 
           492.85            406.56            549.67             361.8             274.8            507.01            337.81            548.67            308.47            474.26            345.45            367.79            508.71            407.25            475.71            517.86 
           546.02            493.86            518.98            347.85            452.12            552.45            542.56            477.79            485.65            506.99            385.86            567.38            487.92            415.89 
bb.gem.m0.commonmode_rmsU = 
           11.916            8.8671            8.1796            8.6928            9.6882            10.425              10.3            11.269            8.8955            10.158            8.3485            9.5151            8.2384            8.8315            10.291            9.0962 
           9.1928            9.2344            10.603            9.2757            9.7784            13.689            13.675            11.075            9.9859            17.757            8.1591            8.3918            7.6441             5.972 
bb.gem.m0.commonmode_meanV = 
           421.19            329.27            600.19            468.59            522.17            529.48            428.23            429.14            368.81            514.66            480.62            324.14            455.57            444.01            418.03            530.42 
           424.46            433.15            525.53            509.31            550.15             464.8               484            558.23            276.52            474.19            570.66            566.71            514.85            453.82 
bb.gem.m0.commonmode_rmsV = 
             11.9            8.4982            9.5617            10.346            9.7785            9.2867            11.368            8.3717            8.3025            7.6219            10.996            8.7954            9.2033            10.334            13.414            13.492 
           10.275             13.03             8.534            8.1487            9.8213            11.143            7.0032            7.8091            9.8922            10.947             13.84            9.4573            13.332            7.6636 


bb.gem.m1.commonmode_meanU = 
           513.26            498.62            479.47            642.66            395.68            520.02            503.94            561.99            381.69            495.29            476.32            554.04             459.7            480.95            529.05            538.88 
            432.3            483.88            430.36            458.29            517.79            521.97            394.94            442.16            460.72            548.78            533.69            416.34            526.66            545.53 
bb.gem.m1.commonmode_rmsU = 
           9.9312            10.778            10.967            12.364            10.787            11.342            10.662            12.497            11.853            11.643             14.27            15.516            14.724            13.587            14.379            16.516 
            12.79            14.424            6.9241            14.052            12.241            13.671            12.865              13.3            13.172             13.23            8.5338            9.0979            10.927            16.108 
bb.gem.m1.commonmode_meanV = 
           497.19            518.04             477.1             480.9            549.94            573.66            523.08            487.32            527.39            523.51            348.58               503            380.96            559.54            572.84            581.09 
           511.03            551.59            565.52            416.36            596.07            431.72            645.34            582.05            607.55            692.46            462.48            467.97            412.37            380.13 
bb.gem.m1.commonmode_rmsV = 
           13.044            10.444            8.8398            11.704            9.6018            10.211            12.939            11.704            15.669            9.9105            12.462            11.515            14.539            15.053            18.822            14.614 
           12.377            13.622            10.562             10.13            11.797             12.06            12.411            10.861            10.492             9.993            14.696            10.146            10.595            11.954 


bb.gem.m2.commonmode_meanU = 
           456.48             482.8             477.4            525.31            494.08            307.45            500.15             506.4            484.31            497.07            464.43            473.64            546.99            443.92            472.83            410.39 
           474.84            458.39            493.22            578.98            499.27            480.12            498.69            504.38            520.64            467.31            471.26            503.62            543.59            481.01 
bb.gem.m2.commonmode_rmsU = 
           18.075            12.172            11.386            10.446            10.222            9.5876            10.385            11.566            8.4035            9.1898             8.113            6.7732            12.921            12.014            12.204            13.508 
           15.659            16.155            9.8884            9.0494            9.3328            13.991            11.107            7.9484             10.17            21.961            14.046            8.6789            9.0299            8.8925 
bb.gem.m2.commonmode_meanV = 
           266.61            361.86            237.74            439.88            332.52            534.18            529.49            430.37            505.43            504.47             468.9            521.31             431.9             464.9            528.99            436.68 
           504.29            451.79            376.24            566.04             505.6             314.1            424.68            442.57            576.36            618.65            537.55            545.03            570.03            492.53 
bb.gem.m2.commonmode_rmsV = 
           22.706            9.7522            8.1648            11.836            17.796             14.82            14.071            12.954            9.1645            8.5965             12.29            9.9834            9.9098              10.4            13.505            11.536 
           15.253            18.207            9.9911            9.1011            10.879            11.135            11.581            8.5039            11.025            20.549            9.5584            10.488            12.077            6.5064 


bb.gem.m3.commonmode_meanU = 
           515.02            332.54            512.61            310.85            508.32            448.92            519.04            533.35            473.39            472.78            493.17            464.34            444.43            445.42            482.58            490.23 
           463.26            570.13            544.75             335.6            295.78             500.7            492.78            355.17            457.44            503.68            508.68            393.25            453.84            338.88 
bb.gem.m3.commonmode_rmsU = 
           12.351             14.19            18.144            16.342             15.08            18.003            19.588             21.21            15.356            16.948            15.918            18.872            18.791            25.283            33.141            18.613 
           15.497            15.089            16.513            13.423            13.191            11.193            16.905            14.004            12.774            12.171            12.457             14.38            18.684            23.051 
bb.gem.m3.commonmode_meanV = 
           450.02            425.21            457.41            488.73             313.4            401.81            381.88            284.85            373.48            537.66            428.45            372.37             458.9            535.92            397.93            392.62 
           424.07            389.32            556.07             525.1             587.8            476.45            292.29            351.95            519.74            474.06            375.38            354.39            622.14             568.2 
bb.gem.m3.commonmode_rmsV = 
           10.609            10.412             11.87            11.465            10.962            11.785            9.2379            12.774            12.003             12.83            13.534            13.107            9.9264            10.279            11.579            13.631 
           11.787            11.624            11.626            13.758             11.93            13.237             11.38            11.516            13.312            7.9589            13.358            11.047            14.977             14.32 


bb.gem.m4.commonmode_meanU = 
           511.92            597.28            560.35            432.52            589.79            452.01            505.07             525.4            487.01            532.75 
bb.gem.m4.commonmode_rmsU = 
           8.0886            7.2895            6.8883             7.042            7.9111            8.3314            7.2708            8.6073            8.4524            14.256 
bb.gem.m4.commonmode_meanV = 
           586.24            657.99            522.75            611.73             695.1            492.25            757.58            747.15             586.1            576.93            631.15            776.99 
bb.gem.m4.commonmode_rmsV = 
            9.519             6.732            8.1658             7.427            6.9793            6.9339             8.478            7.0477             6.555            10.029            6.3441            8.5657 


bb.gem.m5.commonmode_meanU = 
            529.8            389.36            517.26            385.27            644.48            404.05            524.84            369.26            512.25            511.64 
bb.gem.m5.commonmode_rmsU = 
           12.731            7.7875            9.0904             9.538            10.287            7.7775            8.7477            8.0516             8.155            10.398 
bb.gem.m5.commonmode_meanV = 
           542.86            688.41            557.52            505.67             649.6            670.08            716.17            667.18            634.89            631.88            583.92                 0 
bb.gem.m5.commonmode_rmsV = 
           14.685             7.784            9.2264            7.8273            8.2811            8.3943            9.0478            8.5605            8.1064            7.9739            8.2119                 0 


bb.gem.m6.commonmode_meanU = 
           496.89            305.08            294.18            520.87            524.82            527.26            584.73             547.9            546.41            468.54 
bb.gem.m6.commonmode_rmsU = 
           9.9962            7.9165             7.822            8.0165            8.4403            7.7064            8.3085            9.1083            8.4267             9.401 
bb.gem.m6.commonmode_meanV = 
            649.8            409.95            744.96            652.33            462.43            603.79            566.54            541.29            443.36            380.61            553.36            572.78 
bb.gem.m6.commonmode_rmsV = 
           10.285            7.5284            7.4989            7.4579            9.0105            10.188            8.4088            7.9913            7.8055            8.8221            7.4463            14.327 


bb.gem.m7.commonmode_meanU = 
           495.31             424.8            456.58            462.89            494.85            721.57            775.81            615.17            775.75             693.1 
bb.gem.m7.commonmode_rmsU = 
           7.7608            7.3208             10.18            9.4578            9.2338             10.57            9.5425             13.31            9.2781            11.923 
bb.gem.m7.commonmode_meanV = 
           597.76            670.03            548.62            600.47            532.43             612.4            495.93            386.37            391.88            369.17            438.96            459.63 
bb.gem.m7.commonmode_rmsV = 
           10.652            6.8369            7.3428            7.6826            7.7456            9.2016            7.9937            7.3312            7.8652            8.3543            6.7338             14.23 

