#Thu Dec 16 11:15:34 2021
# Copy the contents of this file into $DB_DIR/db_bb.gem.dat to use these pedestals for analysis
# format = detname.commonmode_mean(U,V) and detname.commonmode_rms(U,V) = common-mode mean and RMS for U, V strips by APV card in order of position

bb.gem.m0.commonmode_meanU = 
           486.77            400.88            541.82            355.96            270.75            500.12            333.84            539.05            302.09            465.76            340.27            362.54             501.6            400.37            469.51            510.25 
           538.43             487.2             508.8            341.18            445.46            544.81            533.28            469.85            478.15            499.72            379.43            560.61            481.15            410.32 
bb.gem.m0.commonmode_rmsU = 
           12.507            11.577             14.01            15.908            15.777            16.013            16.109            15.764            12.163            12.631            11.212            11.804            10.066            10.114            11.294            11.043 
           10.896            10.833             11.28            10.119             10.44            13.191            12.869            11.155            10.537            16.442            7.9116            8.2462            8.1575            6.3189 
bb.gem.m0.commonmode_meanV = 
           419.14            329.65            598.46            466.53            521.92            528.06            426.04            428.49            368.72             511.1            478.11            324.71            438.02            476.06            502.44            424.12 
           485.77            570.05            524.07            507.41            549.08            464.33             481.7            556.95            277.65            473.95            569.02            565.86            512.68            452.71 
bb.gem.m0.commonmode_rmsV = 
           14.408            14.726            16.527            15.759            20.397            19.894            20.023            16.807              12.1            12.749             15.31            14.041            10.968            11.352            13.654            11.951 
           12.042            15.055            9.2278             10.42            12.632            16.065            6.8501            8.0386            10.357            14.453            14.957            9.4407            13.663            7.3432 


bb.gem.m1.commonmode_meanU = 
                0                 0                 0                 0                 0                 0                 0                 0                 0                 0 
bb.gem.m1.commonmode_rmsU = 
                0                 0                 0                 0                 0                 0                 0                 0                 0                 0 
bb.gem.m1.commonmode_meanV = 
                0                 0                 0                 0                 0                 0                 0                 0 
bb.gem.m1.commonmode_rmsV = 
                0                 0                 0                 0                 0                 0                 0                 0 


bb.gem.m2.commonmode_meanU = 
                0                 0                 0                 0                 0                 0                 0                 0                 0                 0 
bb.gem.m2.commonmode_rmsU = 
                0                 0                 0                 0                 0                 0                 0                 0                 0                 0 
bb.gem.m2.commonmode_meanV = 
                0                 0                 0                 0                 0                 0                 0                 0 
bb.gem.m2.commonmode_rmsV = 
                0                 0                 0                 0                 0                 0                 0                 0 


bb.gem.m3.commonmode_meanU = 
                0                 0                 0                 0                 0                 0                 0                 0                 0                 0 
bb.gem.m3.commonmode_rmsU = 
                0                 0                 0                 0                 0                 0                 0                 0                 0                 0 
bb.gem.m3.commonmode_meanV = 
                0                 0                 0                 0                 0                 0                 0                 0 
bb.gem.m3.commonmode_rmsV = 
                0                 0                 0                 0                 0                 0                 0                 0 


bb.gem.m4.commonmode_meanU = 
           464.37            489.45            484.13            532.59            500.05            316.55            507.98            512.89            483.72             496.4            462.91            472.43            384.53            477.13            460.93            376.65 
           498.76            505.53            493.27            579.54            500.54            481.91            496.38            501.36            517.21            466.26            469.35            500.94            540.58            478.24 
bb.gem.m4.commonmode_rmsU = 
            16.43             18.24            23.762            27.519            23.618            22.573            24.592            26.398            20.862            22.202            19.689            14.173            20.723            19.064            21.371            14.558 
            17.28            17.979            11.436            12.372            14.362            15.784            9.3639            10.188            11.578            15.503            8.3629              8.41            6.7014            7.1565 
bb.gem.m4.commonmode_meanV = 
           268.04            364.96            242.87            442.15            335.63            535.53            531.35            433.57            507.14            507.51            471.71            523.96            525.04            461.63            433.85            530.78 
           374.38            462.44            380.05            567.17            506.53            316.57            428.36            447.05            579.87            622.42            539.74            550.21             574.2             497.4 
bb.gem.m4.commonmode_rmsV = 
           15.707            15.847            17.485            20.503            28.856            27.467            28.855             25.24            21.296            21.201            25.124            19.503            19.293            17.637             17.97            16.353 
           15.561            15.026            12.582            12.649            12.848             11.44            10.496            9.7193            10.669             12.26            9.0779            8.4665            9.8969             6.586 


bb.gem.m5.commonmode_meanU = 
           511.54            331.14            510.15            308.31            505.78            444.21            514.59            527.81             472.4            470.85            490.24            460.72            366.53            431.97            442.62            448.97 
           313.15            494.73            537.35            331.39               295            492.77            487.99             352.1            454.15            428.28            504.63             389.6            450.24            336.15 
bb.gem.m5.commonmode_rmsU = 
           11.613            12.808            14.444            12.606            15.982            16.513            16.561            18.164            14.283            15.192            13.952             16.83            15.238            16.338            18.851            14.033 
           15.135            9.6715            16.315             13.47            13.115            11.261            13.712             11.96            10.841            11.584            11.143            11.172            12.616            14.006 
bb.gem.m5.commonmode_meanV = 
           491.88            421.28            449.28            476.58            306.89            393.41            372.81            276.37            370.69            532.23            424.48            368.03            398.06            580.97            392.38            511.62 
           451.22            356.01            551.59            520.49            583.87            473.98            287.53            351.06            516.72            472.36            370.29            349.61            616.83            564.89 
bb.gem.m5.commonmode_rmsV = 
           13.392             12.79            14.379            14.201            10.746            12.416            10.373            14.054             11.32            13.239            14.152            14.691            14.078             13.77            13.746            15.323 
           13.809            11.325            12.571            14.033            11.903            13.087            9.6189             9.806            13.247            8.4096            10.665             7.683            10.287            9.6898 


bb.gem.m6.commonmode_meanU = 
           512.16            597.01            560.45            431.85            588.79            450.81            503.97            523.08            486.44            531.13 
bb.gem.m6.commonmode_rmsU = 
           7.3355              6.97            6.5862            6.5751            6.9772            7.6578            7.1742            8.3835            7.2208            9.6966 
bb.gem.m6.commonmode_meanV = 
           585.11            656.32            522.78            611.17             693.9             490.8            756.12            743.39            585.46            576.54            630.78            774.85 
bb.gem.m6.commonmode_rmsV = 
           8.6066            6.3069              7.87            7.1507             6.654            6.6338            8.2818             6.788            6.2502            9.8767             6.021            7.9758 


bb.gem.m7.commonmode_meanU = 
           531.29            391.28            517.32            385.56             642.5            401.36            521.18            367.38            508.94            509.52 
bb.gem.m7.commonmode_rmsU = 
            9.865            7.4539            8.1418            8.0652            8.5484            7.2836            7.8136            6.9635            7.1774            9.4212 
bb.gem.m7.commonmode_meanV = 
           519.06            689.83            527.11            492.73            636.35             649.1            714.16            666.56            595.95            626.69            587.48                 0 
bb.gem.m7.commonmode_rmsV = 
           12.699            7.2538            8.5867            7.0381            7.5305            7.5021            8.0561            7.3219            6.8315             6.704            7.4134                 0 


bb.gem.m8.commonmode_meanU = 
           494.94             303.3            293.33            518.57            521.09            524.83            582.31            545.19             544.3            467.44 
bb.gem.m8.commonmode_rmsU = 
           8.9611             7.526            7.4509             7.896            8.1417             7.423            7.7202            8.1422             7.461            8.6229 
bb.gem.m8.commonmode_meanV = 
           647.87            409.26            743.27            650.53            460.32            602.12            565.02            539.81            443.12            380.14            552.66            572.08 
bb.gem.m8.commonmode_rmsV = 
           9.7187            7.1569            7.0971            7.1713            7.1488            10.011            8.0543            7.6917            7.5742            8.7533            7.1514            12.364 


bb.gem.m9.commonmode_meanU = 
           492.68            423.92            455.75             462.6            494.05             733.2            787.22            627.05            787.83            705.98 
bb.gem.m9.commonmode_rmsU = 
           7.5953            6.7259             8.203            8.1739            8.5712            8.5808            9.2526            10.624            7.9389            9.5211 
bb.gem.m9.commonmode_meanV = 
           596.51            668.03            547.47            598.47            532.23            611.22            495.53            384.82             391.4            368.67            437.31            458.32 
bb.gem.m9.commonmode_rmsV = 
           8.9647            6.4242            6.5031            6.8215              6.89            8.5093             7.383            6.7323            7.2872            8.0264            6.6667            12.315 

