#Tue Dec  7 20:05:14 2021
# Copy the contents of this file into $DB_DIR/db_bb.gem.dat to use these pedestals for analysis
# format = detname.commonmode_mean(U,V) and detname.commonmode_rms(U,V) = common-mode mean and RMS for U, V strips by APV card in order of position

bb.gem.m0.commonmode_meanU = 
           485.41            401.91            543.93            357.55            270.02            501.87            333.55            541.53            302.83            466.93            341.22            361.52            503.06            402.17            471.14             512.4 
            541.4            488.56            511.39            341.52            445.07            545.13            536.39            472.02            478.26            499.57            380.94             562.1            483.21             410.4 
bb.gem.m0.commonmode_rmsU = 
           13.857            11.645            14.086            17.284            15.687            16.094            16.362            15.708            11.611            12.665             11.32            11.318            9.5684            10.211            10.718            10.007 
           10.752            10.658            10.232            10.105            10.072            11.152            10.148            10.735            10.407            12.615            7.7016            8.3012            8.0162            6.2596 
bb.gem.m0.commonmode_meanV = 
           422.42            330.41            601.87            469.01            524.21            531.16            428.42            429.77            370.41            513.14            480.25             324.8            438.65            476.78            503.77            425.36 
           486.41            571.48            526.07            510.74            551.28            465.81            484.28            558.73            277.96             476.2            570.21            567.21             514.1             454.9 
bb.gem.m0.commonmode_rmsV = 
           17.062             15.79            16.657            15.235            21.979            20.778            20.036            15.896            12.582             13.41            15.252            12.768            11.495            11.491             11.99            12.356 
           11.918            13.497            9.1898            10.866            12.176            13.638            5.9937            8.0844            10.534            11.692            14.041            9.6561            13.468            7.2334 


bb.gem.m1.commonmode_meanU = 
                0                 0                 0                 0                 0                 0                 0                 0                 0                 0 
bb.gem.m1.commonmode_rmsU = 
                0                 0                 0                 0                 0                 0                 0                 0                 0                 0 
bb.gem.m1.commonmode_meanV = 
                0                 0                 0                 0                 0                 0                 0                 0 
bb.gem.m1.commonmode_rmsV = 
                0                 0                 0                 0                 0                 0                 0                 0 


bb.gem.m2.commonmode_meanU = 
                0                 0                 0                 0                 0                 0                 0                 0                 0                 0 
bb.gem.m2.commonmode_rmsU = 
                0                 0                 0                 0                 0                 0                 0                 0                 0                 0 
bb.gem.m2.commonmode_meanV = 
                0                 0                 0                 0                 0                 0                 0                 0 
bb.gem.m2.commonmode_rmsV = 
                0                 0                 0                 0                 0                 0                 0                 0 


bb.gem.m3.commonmode_meanU = 
                0                 0                 0                 0                 0                 0                 0                 0                 0                 0 
bb.gem.m3.commonmode_rmsU = 
                0                 0                 0                 0                 0                 0                 0                 0                 0                 0 
bb.gem.m3.commonmode_meanV = 
                0                 0                 0                 0                 0                 0                 0                 0 
bb.gem.m3.commonmode_rmsV = 
                0                 0                 0                 0                 0                 0                 0                 0 


bb.gem.m4.commonmode_meanU = 
           464.26            490.32            483.58            531.72             502.2            314.97            508.51             514.9            485.54            498.05            466.82            475.66            382.93            475.06            460.34            373.34 
           498.57            505.32            495.46            582.22             500.6            482.17            500.45            504.97            521.51            471.21            468.67            503.64            543.62            480.81 
bb.gem.m4.commonmode_rmsU = 
             16.3            19.296            26.165            30.626            25.469            24.525            26.974            29.066            22.106            23.971            21.129             15.63            21.735            20.305            23.147            14.941 
           17.982            19.082            11.696            12.886            15.277            17.189            9.4727            10.447            12.578            18.169            9.7646            8.3906            6.6435            6.9685 
bb.gem.m4.commonmode_meanV = 
           267.99            364.87               241            443.68            336.43            538.79            533.52             434.7            508.47            508.75            472.84            525.22            526.81            463.47            435.96            531.85 
           375.64            463.58            380.09            570.96            509.95            318.18            430.38            447.84            582.26            625.05             542.6             551.5            576.93            498.96 
bb.gem.m4.commonmode_rmsV = 
           16.078            17.205             20.01            23.222            30.765            29.488            31.362            27.148            23.421            22.869            26.822            20.864            20.572            18.707            18.792            17.245 
           16.186            15.524            13.228            12.998             13.21            11.713            11.185            10.045            10.774            12.438            9.5556            9.0386            9.9363            6.4839 


bb.gem.m5.commonmode_meanU = 
           513.37            331.95            511.83            308.43            506.62            447.08            517.24            529.66            472.43            471.97            492.29            462.62            368.03            433.84             445.6            451.25 
           312.08            496.63            540.35             331.6            294.75            494.27            489.28               352            455.96            429.43            505.49            389.31            450.25            335.86 
bb.gem.m5.commonmode_rmsU = 
           11.323            12.091            13.324             11.59            15.605            15.813            15.427            17.501              14.3            14.442            13.442              16.4            15.298            15.804            18.705            14.068 
           14.769            10.039            16.237            13.164            12.857            11.913            13.542            11.429            10.714            12.986            10.716            10.038            10.896            11.611 
bb.gem.m5.commonmode_meanV = 
           494.05            423.21            450.92            479.34            307.74            394.95            374.96            278.66            371.09            534.21            426.66            371.49            398.12            584.31            393.92            512.65 
           452.66            356.86            554.36            523.74            587.03            476.81            285.82            351.25            519.28            473.74            371.67            350.32            618.47             566.6 
bb.gem.m5.commonmode_rmsV = 
           14.669            14.221            15.677            14.694            11.721            13.664            11.157            15.723            11.828            13.899            14.781            16.205            14.781            14.423            14.854            16.047 
           14.149            12.185            13.326             14.64            12.069            13.907            9.9125            9.7431            12.961            8.8913            11.389            7.8049            10.052            9.3219 


bb.gem.m6.commonmode_meanU = 
           513.63             599.9            562.08            433.23            591.31            452.86            505.86            524.81            488.49            532.06 
bb.gem.m6.commonmode_rmsU = 
           7.3631            7.1676            6.6177            6.7226            7.0814            8.0099            7.5572            8.5624            7.2668            9.1696 
bb.gem.m6.commonmode_meanV = 
           586.09            658.49            523.57             613.7            695.98            492.22            759.03            746.86            586.84            578.68            632.62            777.37 
bb.gem.m6.commonmode_rmsV = 
           8.5094            6.5216            8.0203            7.2666            6.7516            6.8261            8.3964            6.7936            6.3719            9.7385            6.2313            8.0645 


bb.gem.m7.commonmode_meanU = 
            532.1            390.79            517.63            387.62            648.47            401.06            522.48            367.46            510.36            510.96 
bb.gem.m7.commonmode_rmsU = 
           9.9008            7.5383             8.196              8.13            8.6653            7.3861            7.8494            7.1296            7.0889            9.2645 
bb.gem.m7.commonmode_meanV = 
           542.59            687.72            556.95            506.08            648.96             669.6            716.02            665.59             634.4            631.44            583.48                 0 
bb.gem.m7.commonmode_rmsV = 
           12.593            7.3272            8.6434             7.266            7.5715            7.5787             8.088            7.4114            7.0286            6.8388             7.674                 0 


bb.gem.m8.commonmode_meanU = 
           496.12            302.56            291.87            519.11            523.26            526.26             584.2            547.39            546.15             468.8 
bb.gem.m8.commonmode_rmsU = 
           8.8284            7.6077            7.6712            7.9879              8.13            7.5117            7.9191            8.1737            7.4808            8.7701 
bb.gem.m8.commonmode_meanV = 
           649.35            409.63             744.4            651.83            460.62            602.18            565.49            540.81            443.02            379.09            553.36            572.05 
bb.gem.m8.commonmode_rmsV = 
           10.018              7.21            7.1131            7.2043            7.4374            9.8048            8.0874             7.839            7.7548             8.598            7.3329            12.394 


bb.gem.m9.commonmode_meanU = 
            496.2            424.69            457.88            464.41            494.84            725.53            779.52            618.64            780.42            697.92 
bb.gem.m9.commonmode_rmsU = 
           7.7726            6.9408            8.5127             8.262            8.5632            7.8512            8.4399            13.461             9.589            9.8862 
bb.gem.m9.commonmode_meanV = 
           599.37             670.3            548.74            600.99            533.19            612.69            495.68            385.66            391.34            369.28            438.11            459.54 
bb.gem.m9.commonmode_rmsV = 
            8.926            6.6658            6.8141            7.1357            7.0731            8.5573             7.433            6.9762            7.5179            8.0551            6.6612            12.726 

