#Fri Dec 17 16:12:01 2021
# Copy the contents of this file into $DB_DIR/db_bb.gem.dat to use these pedestals for analysis
# format = detname.commonmode_mean(U,V) and detname.commonmode_rms(U,V) = common-mode mean and RMS for U, V strips by APV card in order of position

bb.gem.m0.commonmode_meanU = 
           487.32            401.09            541.38            355.63             271.5            499.83            333.47            537.88            302.34            465.83            340.18            362.92            501.41            400.55            469.03            510.52 
           537.76             487.2            509.46            340.23            445.08            544.22            532.97            470.58            477.86            499.02            379.15            560.45            481.67             410.6 
bb.gem.m0.commonmode_rmsU = 
           12.268            11.581            13.864            15.872            15.682            15.938            16.026            15.518            12.249            12.717            11.215            11.792            10.119            10.194            11.536            11.082 
           10.818            10.811            11.155            10.127            10.439            13.234            12.981            11.158            10.769            16.921            8.1714            8.3273            8.1363            6.2678 
bb.gem.m0.commonmode_meanV = 
           419.55            330.09             598.9            466.59            521.74            527.89            425.64            428.51            368.41            511.16            477.52            324.84            438.09            475.52            502.09             424.2 
            485.5            569.48            524.24            506.65            549.79            463.19            480.21            556.61            277.23            473.72            567.39            564.54            512.65            452.79 
bb.gem.m0.commonmode_rmsV = 
           14.282            14.685            16.498            15.923            20.301            19.885            20.024            17.015            12.048            12.676            15.363            14.028            10.943            11.376            13.724            11.798 
           11.927            15.148            9.2006             10.43            12.551            16.148            6.9096            8.0164            10.166            14.441            14.557            9.4763            13.369            7.1838 


bb.gem.m1.commonmode_meanU = 
                0                 0                 0                 0                 0                 0                 0                 0                 0                 0 
bb.gem.m1.commonmode_rmsU = 
                0                 0                 0                 0                 0                 0                 0                 0                 0                 0 
bb.gem.m1.commonmode_meanV = 
                0                 0                 0                 0                 0                 0                 0                 0 
bb.gem.m1.commonmode_rmsV = 
                0                 0                 0                 0                 0                 0                 0                 0 


bb.gem.m2.commonmode_meanU = 
                0                 0                 0                 0                 0                 0                 0                 0                 0                 0 
bb.gem.m2.commonmode_rmsU = 
                0                 0                 0                 0                 0                 0                 0                 0                 0                 0 
bb.gem.m2.commonmode_meanV = 
                0                 0                 0                 0                 0                 0                 0                 0 
bb.gem.m2.commonmode_rmsV = 
                0                 0                 0                 0                 0                 0                 0                 0 


bb.gem.m3.commonmode_meanU = 
                0                 0                 0                 0                 0                 0                 0                 0                 0                 0 
bb.gem.m3.commonmode_rmsU = 
                0                 0                 0                 0                 0                 0                 0                 0                 0                 0 
bb.gem.m3.commonmode_meanV = 
                0                 0                 0                 0                 0                 0                 0                 0 
bb.gem.m3.commonmode_rmsV = 
                0                 0                 0                 0                 0                 0                 0                 0 


bb.gem.m4.commonmode_meanU = 
           464.08            490.04            483.93            532.27            498.96            315.58            508.27            512.44            484.48            496.78            463.42            473.14            385.07            477.24            460.71            377.21 
           498.77             506.1            493.05            579.19            499.94            481.84            495.86            500.46            517.72            465.84            469.09            501.57            539.67            478.42 
bb.gem.m4.commonmode_rmsU = 
           16.249            17.872            23.244            26.951            23.141            22.228            24.236                26            20.567            22.159            19.809            14.362            20.835            19.197            21.445            14.444 
           17.098            17.914            11.423            12.387            14.363            15.904            9.2605            10.122            11.536            15.732            8.4066            8.3415            6.6993            7.1635 
bb.gem.m4.commonmode_meanV = 
           266.71            365.13            243.09            441.63            335.46            534.49            530.99            432.96            505.92            507.33            470.94            522.99            524.02            460.55            433.54            530.36 
           374.65            461.77            379.48            566.52            505.49             316.2            429.16            446.09            579.38            621.61            539.24            550.56            574.06            497.27 
bb.gem.m4.commonmode_rmsV = 
           15.628            15.828            17.386            20.651            28.309             27.11            28.444            25.046            21.436            21.205            25.216            19.705              19.3            17.734            17.904            16.337 
           15.606            14.964            12.761            12.689            12.941            11.405            10.731            9.6335            10.525            12.138            9.0089            8.4834            10.059             6.704 


bb.gem.m5.commonmode_meanU = 
           511.36            331.24            509.26            308.61            504.69            444.15            514.04            527.51            471.61            470.73            490.19            460.66            365.58            432.04            443.13            447.85 
           312.56            495.01            536.57            332.43            295.14            492.93            485.96             350.2            454.12                 0            503.95            389.78            449.48            335.63 
bb.gem.m5.commonmode_rmsU = 
           11.658            13.054            14.856            13.001             15.79            16.717            16.804            18.672            14.257            15.265            14.056            17.127            15.487            16.668            19.513            14.248 
           15.171            9.8067            16.644            13.818            13.593              11.8            18.608            16.059            13.251                 0            11.734            11.716            13.201            14.733 
bb.gem.m5.commonmode_meanV = 
            491.5            421.83            448.31            476.22            307.15            393.06            373.15            277.14            371.62            532.13            425.49            368.55            398.25            580.49             393.1            510.61 
           450.73            356.12             550.5             520.5            584.12            473.29            288.11            351.01             517.1            471.61            368.53            350.94            615.44             563.1 
bb.gem.m5.commonmode_rmsV = 
           12.901            12.348            14.146             13.95            10.566            12.199            10.199             14.12            11.269            13.061             14.39             14.74            13.823            13.829            13.971            15.118 
           13.694            11.456            12.775            14.442            11.936            13.474            9.6906            9.7803            12.564            8.2313             10.79            8.0156            10.986            10.244 


bb.gem.m6.commonmode_meanU = 
           512.87            596.57             559.8            432.52            589.12            450.15            503.83            522.87            486.72            530.58 
bb.gem.m6.commonmode_rmsU = 
           7.3315            7.0193            6.5547             6.654            6.9636            7.6157            7.0172            8.1073            7.0228            9.5117 
bb.gem.m6.commonmode_meanV = 
           585.22             656.5            522.69            610.99            694.14            491.52            754.55            743.42             584.8            576.88            630.61            774.37 
bb.gem.m6.commonmode_rmsV = 
           8.5106            6.3456            7.9323            7.0443            6.5777            6.6492            8.2395            6.7313            6.2901             9.727            6.0965            8.1149 


bb.gem.m7.commonmode_meanU = 
           531.05            390.32            517.26            385.67            642.94            400.96            519.88             367.4            507.83            509.28 
bb.gem.m7.commonmode_rmsU = 
           9.8291            7.3561            8.1589            8.3739            8.6874            7.1398            7.5929            6.8169            7.0023            9.1225 
bb.gem.m7.commonmode_meanV = 
           518.58            689.25            526.54            491.98               636            648.93            714.34             665.3            595.92            625.69            587.01                 0 
bb.gem.m7.commonmode_rmsV = 
           12.819            7.3301            8.5958            7.0139            7.4303            7.4302            8.0147            7.2802            6.7978            6.6075            7.4131                 0 


bb.gem.m8.commonmode_meanU = 
           495.04            303.27               293            517.89            520.34            523.88            582.29            545.84            544.27            467.73 
bb.gem.m8.commonmode_rmsU = 
           8.8029            7.5816             7.471             7.814            8.1012            7.3717            7.7077            8.2301            7.4984             8.624 
bb.gem.m8.commonmode_meanV = 
           647.13            409.64            742.86            650.07            460.09            601.38            564.66             539.7            442.72            379.86            552.07            571.96 
bb.gem.m8.commonmode_rmsV = 
           9.8319            7.1117            7.0908              7.24            7.2606            9.9858            8.0891            7.6899            7.5428            8.7491            7.1324             12.31 


bb.gem.m9.commonmode_meanU = 
           492.79            422.76            455.84            462.79            493.74            722.43            776.98            617.04            777.29            695.72 
bb.gem.m9.commonmode_rmsU = 
           7.5998            6.8739            8.3655            8.2673            8.7305            7.8259            8.6354             10.01            8.3759            9.0585 
bb.gem.m9.commonmode_meanV = 
           596.68            667.46            547.18            597.99            530.67            611.12            494.75            385.25            390.81            368.55             437.4            458.25 
bb.gem.m9.commonmode_rmsV = 
           8.7831             6.441            6.5671            6.8926            6.9142            8.6424            7.3614            6.7567            7.3565            8.0647            6.7402            13.437 

