#Sun Jan  9 21:41:20 2022
# Copy the contents of this file into $DB_DIR/db_bb.gem.dat to use these pedestals for analysis
# format = detname.commonmode_mean(U,V) and detname.commonmode_rms(U,V) = common-mode mean and RMS for U, V strips by APV card in order of position

bb.gem.m0.commonmode_meanU = 
           492.96            406.73            550.07            361.22            275.25            507.76            338.63            549.68             305.5            471.44            343.97            369.59            509.18            407.94            475.92            519.25 
           546.84             495.1            519.59            347.43            453.32            553.98            542.73            478.47            487.27            508.52             385.8            568.13            487.49            416.14 
bb.gem.m0.commonmode_rmsU = 
           9.2561            8.5476              8.35            8.9383            9.4572            10.328            10.611            12.297            9.1578            10.032             8.755            11.245            8.4531            9.0453            12.417            9.9769 
            9.174            10.359            11.238            9.2212             10.47            16.514            16.037            11.468            9.8001            20.221            7.8074            8.3256            7.7721            6.8757 
bb.gem.m0.commonmode_meanV = 
           422.06             329.6            601.88            468.99            523.65            531.65            429.03            429.37            369.82            515.15            481.17            324.47            457.26            445.98            419.41             531.2 
            425.1            434.41             525.5            509.69             551.4            465.47            484.02            559.02             276.9            475.53            570.96            566.35             514.5            453.28 
bb.gem.m0.commonmode_rmsV = 
            8.162             8.457            10.261            10.065            8.9525            9.6883            12.366            11.145             8.626            7.7943            11.767            11.687            9.1291            12.491            19.785            14.052 
           9.9681            16.576             9.819            8.1319            10.701            15.769            8.1002            7.9659            10.575             15.79            16.714            11.736            13.049            8.0529 


bb.gem.m1.commonmode_meanU = 
           513.22            497.79            479.91            643.89            395.07            519.91            504.38            563.03            381.84            495.59            477.45            554.65             460.3            482.23            530.72            540.02 
           434.11            484.39            431.11            458.37             518.2            523.39            394.91            442.51            460.95            549.62            533.54             416.2            527.33            546.16 
bb.gem.m1.commonmode_rmsU = 
           11.315            11.575            10.953            10.913            10.534            11.326            10.307            11.493            10.857            11.348            13.952            14.784            13.563            13.164            14.287            14.261 
           11.137             12.03            6.5443            13.717            11.922            13.449            11.107            12.052            12.604            13.504            8.1512            8.4677            9.7151            14.474 
bb.gem.m1.commonmode_meanV = 
           496.68            517.71            476.34            480.13            548.71            573.09            524.25            488.05            528.19            523.12            347.57            502.84            380.89             560.2            573.83            582.33 
           510.81            552.12            567.05            416.81            596.72            432.51            582.61            517.24            542.05            627.84            462.84            468.77            414.28            380.53 
bb.gem.m1.commonmode_rmsV = 
           13.929            10.384             8.718            12.903             9.816            10.853            13.851            11.456            16.179            10.296            12.202            10.256            13.797            13.691            15.476            13.523 
            11.91            12.591            10.661            9.8151            11.337             11.51            12.882            10.071            9.2816            8.5515            12.858            9.4205            9.9665            11.153 


bb.gem.m2.commonmode_meanU = 
           456.31            481.86            476.46            525.13            493.78            306.99            499.15            506.32            484.21            497.12            464.51             474.6             548.3            444.89            473.97            411.51 
           476.57            460.69            494.29             580.3            500.44            479.88            498.94            504.99            521.53            467.94            470.53            503.26            544.06            481.37 
bb.gem.m2.commonmode_rmsU = 
           13.802            10.391            10.523            10.377            9.5533             8.859             9.235            10.563            7.9697            8.7333            7.6431            6.5084            11.677            10.971            11.429            11.451 
           13.018            13.634            9.4917            8.8134            8.6032            12.198            10.508            7.9724            8.7248            17.994            11.919            8.6411            7.8643            7.9129 
bb.gem.m2.commonmode_meanV = 
           265.59            361.75            237.54            440.66            333.14            534.55            530.83            430.68            505.47            505.57            469.53            522.48            432.81            465.02            531.06            437.63 
           507.17             452.6             376.4            567.58            505.59            314.31            425.71            443.32            577.23            620.45            537.52            545.27            570.29             492.9 
bb.gem.m2.commonmode_rmsV = 
           16.442            8.9382            8.8213            10.392            14.504            12.045            12.141            11.229             8.241            7.8936            11.818            9.5262             9.555            9.6042            12.037            10.632 
           13.436            15.632            9.0401             8.886            10.858            10.541            9.8575            8.2054            10.476            16.842            9.0154            9.0531            10.755            6.2181 


bb.gem.m3.commonmode_meanU = 
           516.02            333.31             512.9            310.71            508.35             449.1            519.16            533.47            473.76            473.17               494            464.63            445.07            446.14            483.38            492.33 
           463.62            570.69               545            334.13             296.1            500.97            493.69            355.08            457.89            505.21            507.53            391.84            453.57            337.33 
bb.gem.m3.commonmode_rmsU = 
           11.292            11.189             11.34            10.051            11.322            12.456            12.306            14.839            11.161             12.19            11.223             15.35            12.415            18.474            28.549             19.09 
           15.911            18.468            13.806            11.023            12.306             13.55            12.412            10.532             12.11            18.077            9.3727            9.1394            9.7158            9.9554 
bb.gem.m3.commonmode_meanV = 
           452.07            426.53            459.85            492.18            314.25            402.73            385.06            284.79            374.76            540.52            430.19            374.35            461.47            540.15            404.81            393.85 
           426.79            391.01             560.3            528.61            591.94            478.96               314            353.77            522.57            476.96            376.86            355.26            626.33            572.17 
bb.gem.m3.commonmode_rmsV = 
           12.638             11.72            11.888            9.2183            11.294            12.684            10.295            14.872            9.8747            12.071             13.81            15.041            10.327            10.153            12.434            14.121 
           11.544            13.846            14.697            14.754            11.895            14.132            11.934            9.7615            13.041            9.8015            11.777            8.3458            10.619            9.6569 


bb.gem.m4.commonmode_meanU = 
           511.39            597.62            560.21            432.31               591            451.85            504.94            525.27            487.98             532.3 
bb.gem.m4.commonmode_rmsU = 
           7.3686            7.0049            6.5274            6.6875            7.1107            7.4962            7.1758            8.5762            7.6822            9.9399 
bb.gem.m4.commonmode_meanV = 
           585.41            656.75            522.48            611.72            694.16            490.44            757.33            745.77            585.57            576.66            630.49             775.9 
bb.gem.m4.commonmode_rmsV = 
           8.6144            6.4412              8.04             7.168            6.6772            6.7131              8.32            6.8389            6.4236            9.9814            6.0698            7.7398 


bb.gem.m5.commonmode_meanU = 
            529.6            389.03            516.04             384.7            646.56             403.5            524.08            368.69            512.66             511.9 
bb.gem.m5.commonmode_rmsU = 
           9.5272            7.5371            8.2227             7.987            8.4048            7.1846            7.7686            6.8843            7.1011            9.3148 
bb.gem.m5.commonmode_meanV = 
           542.05            687.91            557.68            506.71            650.14             669.9            716.24             666.9            634.59             630.7             583.3                 0 
bb.gem.m5.commonmode_rmsV = 
            12.19            7.3029            8.7084            7.1393            7.5725            7.5279            8.1676            7.5018              7.11            6.9523            7.6855                 0 


bb.gem.m6.commonmode_meanU = 
           496.88            304.36            293.65            520.15            524.63            526.26            583.94            547.41            546.49            469.47 
bb.gem.m6.commonmode_rmsU = 
           9.0396            7.6867            7.5764            7.8987              8.26            7.3665            7.7664            8.3279            7.4859            8.4451 
bb.gem.m6.commonmode_meanV = 
           649.65             409.7            745.39            652.52            461.63            603.81            566.52            541.51            443.72            379.73             553.8            573.96 
bb.gem.m6.commonmode_rmsV = 
           9.6148            7.0375            7.1231            7.1063             7.221            10.066            8.0688            7.5928            7.5173            8.7024            7.1924            12.333 


bb.gem.m7.commonmode_meanU = 
           494.59            424.53            456.15             462.9            495.49            735.75             791.5            629.01            790.68            707.88 
bb.gem.m7.commonmode_rmsU = 
           7.4559            6.8177            8.3362            8.1184            8.2527            10.045            9.0207            10.458            8.1337            10.273 
bb.gem.m7.commonmode_meanV = 
           596.72            669.56            548.53            600.61            533.06            612.79            495.99            385.82            391.91            368.84            438.74            459.41 
bb.gem.m7.commonmode_rmsV = 
           9.2474            6.4441            6.6868            7.0374            7.1148            8.6809            7.4866            6.8487            7.5086             8.222            6.6376            11.932 

