#Tue Dec  7 22:59:55 2021
# Copy the contents of this file into $DB_DIR/db_bb.gem.dat to use these pedestals for analysis
# format = detname.commonmode_mean(U,V) and detname.commonmode_rms(U,V) = common-mode mean and RMS for U, V strips by APV card in order of position

bb.gem.m0.commonmode_meanU = 
           489.84            403.55            545.96            358.48            270.96            505.53            335.48             544.9            301.82            468.88            340.44            365.03            507.26            403.51            473.07            514.89 
           544.58            492.25            514.55            343.23            448.45            551.03            538.61            474.06            482.75            503.66            380.49            563.72            482.59            411.02 
bb.gem.m0.commonmode_rmsU = 
           12.634             11.66            14.855            18.187            16.158            16.678            16.729            16.353            12.264             13.16            11.901            11.582            10.467            10.905            10.884            10.466 
           11.267            10.826            10.547            10.511            10.369            11.321            11.192             11.39            10.491            12.832            7.8852            8.4908            8.1157             6.282 
bb.gem.m0.commonmode_meanV = 
           422.88            331.09            604.64            470.71            524.93            533.65            429.32             430.3            369.89            515.58            482.05            324.93            439.06            477.75            504.12            427.55 
           487.87            573.44            527.41             511.3            553.07            467.55             484.6            560.27            276.69            476.33            570.38            566.92            515.79             454.9 
bb.gem.m0.commonmode_rmsV = 
            19.83            16.714            17.048            15.137            24.643            22.366            21.377            16.322            13.117            13.794            15.816            13.059            12.073            11.681            12.224            12.977 
           12.677            13.929            9.1804            11.112            12.539            14.326             6.064             8.243            10.976            13.135            15.121            10.299            14.121            7.3055 


bb.gem.m1.commonmode_meanU = 
                0                 0                 0                 0                 0                 0                 0                 0                 0                 0 
bb.gem.m1.commonmode_rmsU = 
                0                 0                 0                 0                 0                 0                 0                 0                 0                 0 
bb.gem.m1.commonmode_meanV = 
                0                 0                 0                 0                 0                 0                 0                 0 
bb.gem.m1.commonmode_rmsV = 
                0                 0                 0                 0                 0                 0                 0                 0 


bb.gem.m2.commonmode_meanU = 
                0                 0                 0                 0                 0                 0                 0                 0                 0                 0 
bb.gem.m2.commonmode_rmsU = 
                0                 0                 0                 0                 0                 0                 0                 0                 0                 0 
bb.gem.m2.commonmode_meanV = 
                0                 0                 0                 0                 0                 0                 0                 0 
bb.gem.m2.commonmode_rmsV = 
                0                 0                 0                 0                 0                 0                 0                 0 


bb.gem.m3.commonmode_meanU = 
                0                 0                 0                 0                 0                 0                 0                 0                 0                 0 
bb.gem.m3.commonmode_rmsU = 
                0                 0                 0                 0                 0                 0                 0                 0                 0                 0 
bb.gem.m3.commonmode_meanV = 
                0                 0                 0                 0                 0                 0                 0                 0 
bb.gem.m3.commonmode_rmsV = 
                0                 0                 0                 0                 0                 0                 0                 0 


bb.gem.m4.commonmode_meanU = 
            463.4            491.09            484.35            1306.7            500.78            314.62            508.38            514.93            484.82             497.8            464.68            474.98             385.9            480.47            464.04            377.89 
           501.03            506.69            496.55            583.88            503.42            484.75            500.48            505.58            522.22            470.46               473            505.84            544.62            481.92 
bb.gem.m4.commonmode_rmsU = 
           21.126            22.971            29.951            17.834            27.633            26.895            29.697            32.148            24.756            26.395            23.557            17.472            24.818            22.925            25.976             16.76 
           20.633            21.954             12.58            14.246            17.799            19.956            10.069            11.469            14.257            20.844            10.134            8.3304            6.6062            6.6177 
bb.gem.m4.commonmode_meanV = 
           266.59            364.34            240.42            444.91            336.48            538.84            534.65            435.13            510.26            510.52            474.35            526.82            527.14            463.91            436.35            533.07 
           376.37            465.04            381.64            571.59            509.82            317.35             431.3            449.08            583.38            625.86            542.79            552.31            577.69             499.9 
bb.gem.m4.commonmode_rmsV = 
           16.956            18.109            21.321            24.761            32.337            31.142            33.221             28.72            24.722            24.988            29.375            22.772            22.374            20.371            20.603            18.385 
           17.363            16.777            14.703            14.673            14.322            12.673            12.917            11.214            11.785            12.987            10.088            9.7542            10.604            6.6731 


bb.gem.m5.commonmode_meanU = 
           514.24            332.68            511.79            309.34            506.01             446.9            517.14            529.67            474.19            472.09            493.04            463.03             367.8            434.15            445.27            450.79 
           312.57            497.02            540.02            331.31            294.97            494.23             490.1            352.12            455.89            430.21            505.63            390.62            450.75             335.4 
bb.gem.m5.commonmode_rmsU = 
           11.564            12.134            13.316            11.662            15.753            15.914            16.012            18.662            14.649            15.113            14.485            18.717            15.831            17.205            21.247            15.466 
           17.101            12.304            17.802            15.779            16.791            15.777            14.326            13.626            14.956            18.576            11.766            11.847            13.909            13.793 
bb.gem.m5.commonmode_meanV = 
            494.6            424.04            451.76            480.45            307.89            394.94             374.9            278.21            371.88             535.4            427.71            371.42            400.83            584.53            394.61            513.01 
           452.99               356            554.71            523.83            586.89            475.93             286.8            351.48            518.89            473.38            370.74             350.4            619.19            566.62 
bb.gem.m5.commonmode_rmsV = 
           17.812            15.769            16.822            15.005            11.544            13.591            11.255            15.906            11.726             13.52            14.856             16.66            15.108            14.316            14.594            19.801 
           15.772            13.077            19.166            19.737            14.643            15.832            17.165            14.395            15.053            9.9058            18.974            11.833            14.852            13.101 


bb.gem.m6.commonmode_meanU = 
           513.15            599.36            561.37            431.87            592.12            452.89            505.88            525.12             488.3            532.11 
bb.gem.m6.commonmode_rmsU = 
           7.4006            7.2008            6.7899            6.7797            7.0611            7.6393            7.2341            8.5866            7.4544            9.6056 
bb.gem.m6.commonmode_meanV = 
           585.67            656.76            522.58            611.72            694.63            490.55            756.62            745.46             584.5            576.86            630.63             777.4 
bb.gem.m6.commonmode_rmsV = 
           8.5158            6.5607            8.0447            7.2668            6.7054             6.758            8.3426            6.9607             6.447            9.9993            6.1601            7.9068 


bb.gem.m7.commonmode_meanU = 
           531.39            388.65            516.36            385.74            648.65             402.3            523.57            368.58            512.01            511.72 
bb.gem.m7.commonmode_rmsU = 
           9.5435            7.4275             8.329            8.7447            8.6062            7.1854            7.6563            6.8592            7.0638            9.4291 
bb.gem.m7.commonmode_meanV = 
            519.2            691.11            527.25            492.23            637.68             651.1            716.15            667.74            596.77            625.76            587.72                 0 
bb.gem.m7.commonmode_rmsV = 
           12.618            7.4152            8.7875            7.1306            7.3667            7.4514            8.0336            7.3753            6.8939               6.7             7.529                 0 


bb.gem.m8.commonmode_meanU = 
           497.12            303.89               294            521.13            525.53            528.23            586.64            549.92            547.39            470.86 
bb.gem.m8.commonmode_rmsU = 
           9.2228            7.6546            7.7046            7.9048            8.1155            7.4158             7.845            8.2516            7.6293            8.7143 
bb.gem.m8.commonmode_meanV = 
           650.83            410.28            747.14            653.33            461.38            604.24            567.53            543.04            444.06            380.22            554.79            575.14 
bb.gem.m8.commonmode_rmsV = 
           9.8917             7.466            7.2599            7.3531            7.2697            10.174            8.2434            7.8053            7.6798             8.805            7.2087            12.528 


bb.gem.m9.commonmode_meanU = 
           495.02            424.45            456.44            463.67            494.26            722.03            777.02            615.18            776.62            693.58 
bb.gem.m9.commonmode_rmsU = 
            7.635            7.0913            8.4708            8.1643            8.1907            9.1327            8.8802            10.686            8.3488            9.7895 
bb.gem.m9.commonmode_meanV = 
           597.41            668.88            547.86            599.86            532.78            612.46             495.4            385.04            390.55             367.7            437.68            458.69 
bb.gem.m9.commonmode_rmsV = 
           9.2517            6.3831            6.6627            6.9466            6.9752            8.5421             7.379             6.781             7.333            8.1629            6.6816            12.419 

