#Thu Sep 23 13:43:18 2021
# Copy the contents of this file into $DB_DIR/db_bb.gem.dat to use these pedestals for analysis
# format = detname.commonmode_mean(U,V) and detname.commonmode_rms(U,V) = common-mode mean and RMS for U, V strips by APV card in order of position

bb.gem.m0.commonmode_meanU = 
           494.74            407.04            550.28            360.37             273.9            508.41            337.09            547.62            305.53            472.82            344.25            368.02            509.68            407.77            475.98            519.61 
           549.11            495.69            520.63            348.78            453.59            555.76            543.54            479.23            487.83            510.36            385.54            569.34            486.97            414.15 
bb.gem.m0.commonmode_rmsU = 
           21.067            21.028            28.392            34.156            31.633            34.178            35.909            34.902            25.256            27.078            26.163            27.269            20.522             21.97            24.057            18.615 
           21.287            22.339            16.117            17.183            18.693            20.999             14.06            14.745            15.853            21.066            10.051            10.677            10.056            7.2913 
bb.gem.m0.commonmode_meanV = 
           423.95            330.02             605.6            470.98               525            533.08            429.42            430.25            368.25            512.84            480.57            321.24            438.55            477.04            502.75            428.23 
           487.99            574.48            526.73            510.82            550.97            467.02            479.52            555.44            269.47            470.02            566.41            560.83            509.93            447.53 
bb.gem.m0.commonmode_rmsV = 
           21.464             24.46            30.214            31.505            39.344            37.376            36.391            29.569            27.072            27.062            28.419            24.104            23.133             21.57            21.445            22.784 
            20.54            20.771            17.051            16.805            16.833            17.863             7.257            11.456            12.574            13.397            15.277            10.848            16.283            7.9982 


bb.gem.m1.commonmode_meanU = 
           415.73            416.66            448.32            507.05            536.16            493.28            464.94            475.37            507.32                 0 
bb.gem.m1.commonmode_rmsU = 
           17.098            16.909            16.168            20.121            17.923            21.678            17.943            23.642             21.18                 0 
bb.gem.m1.commonmode_meanV = 
           499.21            573.15            411.23            480.42            454.53            466.51            408.45            560.81 
bb.gem.m1.commonmode_rmsV = 
           26.026             13.55              18.5            13.134             17.41            13.175            19.232            16.576 


bb.gem.m2.commonmode_meanU = 
           495.29            474.58            470.24            457.09            470.68             446.1            511.37            415.35            426.51            396.16 
bb.gem.m2.commonmode_rmsU = 
            20.68            18.185            18.696             16.22            18.666            16.011            18.388            14.324            22.358            15.792 
bb.gem.m2.commonmode_meanV = 
           496.71            552.87             581.2            502.35            476.91            562.79            504.47             474.2 
bb.gem.m2.commonmode_rmsV = 
           16.261            15.692            15.792            14.645            17.013            15.507            21.056            18.374 


bb.gem.m3.commonmode_meanU = 
           470.12            493.38            536.26            315.47            522.83            437.49            471.97            545.23             537.3            449.38 
bb.gem.m3.commonmode_rmsU = 
           18.308            22.295            18.608            16.304            16.218            15.634            17.275            16.185            20.513            18.871 
bb.gem.m3.commonmode_meanV = 
           480.31            439.04            457.85            608.07            449.11            535.18            539.84            392.04 
bb.gem.m3.commonmode_rmsV = 
           13.491            20.589             16.59            16.868            18.275            17.364            21.959            12.659 


bb.gem.m4.commonmode_meanU = 
            450.5            475.54            469.36            515.52            486.97            298.73             492.8            497.24            483.71            496.43            463.56            473.34            385.93            477.38            461.95               376 
           498.98            505.83            494.07            582.12            502.02            482.58            496.12            500.94            519.46            467.62            468.66            501.71            543.15            480.36 
bb.gem.m4.commonmode_rmsU = 
           15.834            21.898            31.271            37.398             29.34            28.253            31.147            33.579            26.593            27.676            23.977            16.664            26.322            23.091            23.928             18.44 
            20.57             20.58             14.18            13.342            15.686            16.606            10.817            10.933            12.263            16.321            8.9771            9.4814            7.4751            7.7478 
bb.gem.m4.commonmode_meanV = 
           261.08            359.57            237.98            441.43            331.42            534.46             531.2            432.07                 0            508.63            468.98            522.98            523.62            459.44            431.59            529.71 
           371.43             459.8            376.16            568.09            506.52            313.02             426.1            444.68            578.03            619.43            540.99            547.06            574.67            495.74 
bb.gem.m4.commonmode_rmsV = 
           27.164            24.161            24.336            25.321            44.817            42.091            43.397            38.093                 0            31.065            31.102            30.466            28.276            25.346            26.997            22.748 
           22.594            23.981            15.499            16.838            18.067            18.876            12.558            11.601            14.594            22.307            13.277             10.68            11.395            6.9214 


bb.gem.m5.commonmode_meanU = 
                0                 0                 0                 0                 0                 0                 0                 0                 0                 0 
bb.gem.m5.commonmode_rmsU = 
                0                 0                 0                 0                 0                 0                 0                 0                 0                 0 
bb.gem.m5.commonmode_meanV = 
                0                 0                 0                 0                 0                 0                 0                 0 
bb.gem.m5.commonmode_rmsV = 
                0                 0                 0                 0                 0                 0                 0                 0 


bb.gem.m6.commonmode_meanU = 
                0                 0                 0                 0                 0                 0                 0                 0                 0                 0 
bb.gem.m6.commonmode_rmsU = 
                0                 0                 0                 0                 0                 0                 0                 0                 0                 0 
bb.gem.m6.commonmode_meanV = 
                0                 0                 0                 0                 0                 0                 0                 0 
bb.gem.m6.commonmode_rmsV = 
                0                 0                 0                 0                 0                 0                 0                 0 


bb.gem.m7.commonmode_meanU = 
                0                 0                 0                 0                 0                 0                 0                 0                 0                 0 
bb.gem.m7.commonmode_rmsU = 
                0                 0                 0                 0                 0                 0                 0                 0                 0                 0 
bb.gem.m7.commonmode_meanV = 
                0                 0                 0                 0                 0                 0                 0                 0 
bb.gem.m7.commonmode_rmsV = 
                0                 0                 0                 0                 0                 0                 0                 0 


bb.gem.m8.commonmode_meanU = 
           540.68            627.92            589.06            460.78            620.37            463.32               517            536.41            499.61             545.3 
bb.gem.m8.commonmode_rmsU = 
           9.1746              8.35            7.9207            8.7563             9.006            8.6141             7.346            9.2456            9.6657            12.879 
bb.gem.m8.commonmode_meanV = 
           622.82            696.42            558.51            650.05            733.31            526.98            798.68            787.41            622.99            612.85             666.5            819.83 
bb.gem.m8.commonmode_rmsV = 
           8.5881            6.4693            9.4632            7.5693            6.5835            6.7766            8.0439             7.123            6.9061            9.0878            6.6579            8.5269 


bb.gem.m9.commonmode_meanU = 
           560.72            415.02            543.14            408.61            671.06            411.55            535.16            376.81            521.69            519.46 
bb.gem.m9.commonmode_rmsU = 
           12.473             9.089            8.9015            11.563            10.466            8.7047             9.349            7.9177            8.6102            11.181 
bb.gem.m9.commonmode_meanV = 
           556.35            752.38            569.56            516.71            642.06            694.21            733.39            693.27            634.38            661.74            603.89            144.96 
bb.gem.m9.commonmode_rmsV = 
           14.778            7.9628            10.104            7.6314            7.0669            7.7689            8.0421            7.6529            7.6846            7.3513            7.5815             1.465 


bb.gem.m10.commonmode_meanU = 
           500.46            305.68            295.18               523            529.82            539.06            598.37            560.55            558.01            482.06 
bb.gem.m10.commonmode_rmsU = 
           11.578            9.9852            9.3382            9.3889            10.264            9.6358            10.068             10.14            10.332            11.056 
bb.gem.m10.commonmode_meanV = 
           607.77            679.95            557.78            610.79            543.23            623.23            506.23            394.96            399.84            376.21            447.38            468.61 
bb.gem.m10.commonmode_rmsV = 
           10.576            7.1917            7.6832            8.1851            7.8866            8.7038            8.0386            7.7022            8.0853            9.0341            7.1437            15.175 


bb.gem.m11.commonmode_meanU = 
           495.42            424.54            456.21            465.33            495.05            683.66            737.88            575.17            737.03            654.54 
bb.gem.m11.commonmode_rmsU = 
           8.6206            7.6203             9.595            8.8502            9.1906            8.0629            10.025            19.371            10.171            12.712 
bb.gem.m11.commonmode_meanV = 
           658.93            420.02            759.13            663.72            470.54            614.98            577.38            552.79            453.81            390.28            564.98            586.48 
bb.gem.m11.commonmode_rmsV = 
           11.663            8.6597            8.7402            8.4922            7.8067            9.8917            9.0106            8.9235            7.8266            10.619            7.4107            11.924 

