#Thu Oct 14 01:58:43 2021
# Copy the contents of this file into $DB_DIR/db_bb.gem.dat to use these pedestals for analysis
# format = detname.commonmode_mean(U,V) and detname.commonmode_rms(U,V) = common-mode mean and RMS for U, V strips by APV card in order of position

bb.gem.m0.commonmode_meanU = 
           489.66            401.96             545.1             355.1            269.16            503.43             332.9            541.85             300.4            468.21            340.57             361.6            504.48            401.69            470.13            513.36 
           541.56            489.09            512.09            340.88            445.81            547.06            535.08            471.55            479.01            501.61            376.67            561.17            479.29            406.03 
bb.gem.m0.commonmode_rmsU = 
           19.731            21.263            29.701            36.787            32.132            35.137            36.595            36.152            26.716            28.148            27.419            29.182            21.926            23.055            26.063            19.227 
           21.245            22.801            16.526            16.655            18.473            21.658            16.732            13.933            14.924            21.052              9.14             9.884            10.511            7.7872 
bb.gem.m0.commonmode_meanV = 
           422.91            327.56            602.29            468.55            524.76            531.72             428.8            430.07            368.34             512.7            480.34            321.65            438.68             476.5            502.29            426.03 
           487.35            572.66            524.21            508.38             550.6            465.59            479.24            552.44            269.24             470.2            563.16            558.59            507.88             447.6 
bb.gem.m0.commonmode_rmsV = 
           22.405            25.809            31.955            33.683            42.033            39.271              38.5            31.606            30.691            29.781            30.394            26.101            26.238            23.505            23.319            25.369 
           22.353             22.19            19.769            18.282            18.164            18.821            9.3811            13.379            14.304             14.42            16.913            11.308            19.177            9.6392 


bb.gem.m1.commonmode_meanU = 
           417.87             419.3            449.62            510.59            537.87            497.48            465.49            482.64             507.6            444.54 
bb.gem.m1.commonmode_rmsU = 
           12.828            14.625            12.902             15.31            15.212            14.988            15.851            14.879            19.449             17.03 
bb.gem.m1.commonmode_meanV = 
           501.15            622.34            412.77            534.17            454.96            522.99            409.54            616.72 
bb.gem.m1.commonmode_rmsV = 
           20.145            12.772            13.384            12.101            13.298            11.676            16.839            15.444 


bb.gem.m2.commonmode_meanU = 
           551.73            490.03            526.72            472.68            526.02            460.86            566.78            430.89            483.15             411.8 
bb.gem.m2.commonmode_rmsU = 
           17.125            19.059             16.03            14.903            16.375             14.41            16.499            13.282            21.003            16.464 
bb.gem.m2.commonmode_meanV = 
           476.19             622.1            562.45            572.18            456.61            637.01            483.62            551.99 
bb.gem.m2.commonmode_rmsV = 
           14.023            16.815            12.828            15.589            14.669            15.407            18.971            18.666 


bb.gem.m3.commonmode_meanU = 
           539.89            493.84            607.75            315.66            594.25             437.9            542.05            544.75            603.13            448.15 
bb.gem.m3.commonmode_rmsU = 
           16.884             22.41            16.251            14.289            13.555            13.428            15.029            14.711            19.846            18.855 
bb.gem.m3.commonmode_meanV = 
           497.74            444.94            475.83            612.57            465.49            540.38            555.88             396.5 
bb.gem.m3.commonmode_rmsV = 
           12.133            14.381            13.805            15.451             15.59             15.51            19.504            11.651 


bb.gem.m4.commonmode_meanU = 
           472.81            499.36            494.11            228.38            507.46            322.16            516.45            520.84            482.12            495.42            462.04             471.6            384.53             476.8            461.67            376.57 
           499.25            504.22            495.77               581            501.33            482.12            497.35            500.22            518.68            466.83            468.81            501.57            541.56             478.5 
bb.gem.m4.commonmode_rmsU = 
           10.062             17.99            27.622            1.5009            26.794            26.595            28.923            31.549            24.464            25.354            21.264            14.337            24.072            19.319            18.066            18.353 
           18.088            14.965            15.638            13.352            13.108            12.416            13.232            12.296            10.209            9.1556            8.9708            9.8332            7.0172            6.8522 
bb.gem.m4.commonmode_meanV = 
            263.2            364.66            240.56            445.66            334.45            539.47            534.31            436.18            509.44            509.47            473.08            525.59             528.4            464.11            435.85             535.7 
            378.3            465.98            382.14            573.46            510.77            318.68            432.65            450.46            582.49            624.34            546.11            553.38            579.64            501.61 
bb.gem.m4.commonmode_rmsV = 
           23.253            19.477            20.197            20.293            39.637            38.124             38.88            35.055             26.96            27.468            31.558            25.024            23.807            21.835            23.193            19.505 
           19.732            20.767            13.198             15.61            16.699            16.576            11.244            10.809            13.786            20.143            12.415            9.1957            10.545            5.9696 


bb.gem.m5.commonmode_meanU = 
           474.71            523.28            515.37            425.63            466.36            485.25            474.96            431.62            446.99            505.51 
bb.gem.m5.commonmode_rmsU = 
           17.966            17.345            14.646              17.2            14.778            15.878            15.492            14.842            18.729            17.498 
bb.gem.m5.commonmode_meanV = 
           347.02            548.14            493.29            472.06            465.54            484.64            395.99            461.07 
bb.gem.m5.commonmode_rmsV = 
           23.519            18.662            16.974            14.355            16.842            13.937             17.81            15.959 


bb.gem.m6.commonmode_meanU = 
           403.74            378.39            533.38            359.59            425.18            411.05            401.69               537            457.73            510.47 
bb.gem.m6.commonmode_rmsU = 
            17.03            21.894             14.82            16.823            15.419             13.82             13.68            16.999            17.375            18.363 
bb.gem.m6.commonmode_meanV = 
           466.64             553.6            513.43            525.56            515.48            469.53            489.58            407.18 
bb.gem.m6.commonmode_rmsV = 
           16.272            23.435            13.832            17.577            14.421            16.338             20.11            15.854 


bb.gem.m7.commonmode_meanU = 
           452.98             438.2            478.47            437.85            467.85             535.2            432.11            469.45            357.88             355.8 
bb.gem.m7.commonmode_rmsU = 
           33.409            33.473              27.8            35.836            28.488            41.146            30.884            41.551            35.335            40.823 
bb.gem.m7.commonmode_meanV = 
           516.69            443.92               538            418.71            453.12            438.85            423.89            436.62 
bb.gem.m7.commonmode_rmsV = 
           27.284            4.2154            30.756            23.811             27.96            37.933            28.532            38.613 


bb.gem.m8.commonmode_meanU = 
           535.01            621.92             583.6            455.97            611.89            462.49            515.98            535.68            499.52            545.08 
bb.gem.m8.commonmode_rmsU = 
           8.8134            8.3512            8.3399            8.7249            9.3518            9.0551             7.366            9.5208             10.34            12.429 
bb.gem.m8.commonmode_meanV = 
           615.95            687.69            552.52            642.59            725.48            520.83            789.96            778.91            616.63            607.12            661.59            810.31 
bb.gem.m8.commonmode_rmsV = 
           8.7058            7.4314            9.7682            7.8996            6.8353            7.8723            8.1288            7.5407            8.9388             9.146             7.165            8.6099 


bb.gem.m9.commonmode_meanU = 
           554.42             409.7            536.46            406.69            668.14            412.89            534.56             378.5            523.41            521.29 
bb.gem.m9.commonmode_rmsU = 
           12.051            8.1521            8.0617            11.224            10.401            8.6296             9.401            8.2441            8.3894            10.479 
bb.gem.m9.commonmode_meanV = 
           564.78            711.54            579.39            527.58            673.43             694.2            740.31               690            659.36            653.91            605.77                 0 
bb.gem.m9.commonmode_rmsV = 
           13.554            7.7157            9.3217            7.2868             7.458            7.7959            7.9636            7.9134            7.4608            7.3191            7.6972                 0 


bb.gem.m10.commonmode_meanU = 
           497.89            303.21            293.19            521.21            530.23               537            596.71            560.29            558.33            482.14 
bb.gem.m10.commonmode_rmsU = 
           11.859            11.005            10.046            10.262            11.029            9.9977            9.8767             10.05            9.4923            11.001 
bb.gem.m10.commonmode_meanV = 
           658.39            419.97            760.78            664.98            472.23            616.27            577.79            553.72            454.99            389.91             564.9            585.51 
bb.gem.m10.commonmode_rmsV = 
           11.211            8.2488            8.6834            8.1938            8.0441            10.452            9.1669            9.3646            8.1775            10.534            7.9924            12.962 


bb.gem.m11.commonmode_meanU = 
           496.82            426.09            457.69            466.56            496.35             688.1            742.03            578.76            740.01            657.92 
bb.gem.m11.commonmode_rmsU = 
            9.035            7.5991            9.5232            8.3246            9.0013            10.375            10.429            14.099            8.7646            11.138 
bb.gem.m11.commonmode_meanV = 
           609.57            682.41            560.49            612.24            545.83            625.97            508.06            396.41            401.33            378.51            448.51            471.29 
bb.gem.m11.commonmode_rmsV = 
           12.418            7.5251            7.7902            8.1114            7.9708            9.1781             8.029            7.8391            8.0191            8.7101            6.9501            12.244 

