#Thu Sep  2 12:33:29 2021
# Copy this file into $DB_DIR/gemped to use these pedestals for analysis
# format = crate, slot, mpd, adc_ch, CM mean, CM RMS
          20          11           7           0         516.36         8.8501
          20          11           7           1         483.48         11.325
          20          11           7           2         460.48         9.5936
          20          11           7           3         482.12         9.0534
          20          11           7           4         469.58         12.164
          20          11           7           5         270.36         11.985
          20          11           7           6         552.72         10.019
          20          11           7           7         476.53         7.0118
          20          11           7           8         465.78         14.621
          20          11           7           9         549.21         13.478
          20          11           7          10         508.53         12.076
          20          11           7          11         525.15         10.295
          20          11           7          12         572.03         13.291
          20          11           7          13         487.75         11.684
          20          11           7          14         426.83         12.121
          20          11           8           0         320.86          13.28
          20          11           8           1         477.76         15.092
          20          11           8           2         509.38         13.134
          20          11           8           3          366.6         12.587
          20          11           8           4         429.03         15.681
          20          11           8           5         428.04         19.063
          20          11           8           6         529.36         18.738
          20          11           8           7         522.12         19.443
          20          11           8           8         467.35         15.613
          20          11           8           9         600.01         15.565
          20          11           8          10         328.87         13.492
          20          11           8          11         418.74         13.404
          20          11           8          12         499.18         12.664
          20          11           8          13         474.23         11.024
          20          11           8          14         435.27         10.979
          20          11           9           0          461.9         12.048
          20          11           9           1         391.43         9.9461
          20          11           9           2         595.31         8.6507
          20          11           9           3         413.54         8.0562
          20          11           9           4         542.19         13.272
          20          11           9           5         477.16         12.937
          20          11           9           6         485.06         12.417
          20          11           9           7         507.46         15.158
          20          11           9           8         518.27         12.585
          20          11           9           9         346.66         11.588
          20          11           9          10         448.79         12.366
          20          11           9          11         549.67          13.42
          20          11           9          12          517.9         11.198
          20          11           9          13          545.7         11.739
          20          11           9          14         493.23         11.638
          20          11          10           0         304.28         13.434
          20          11          10           1         472.05         14.988
          20          11          10           2         343.81         12.373
          20          11          10           3         365.84          12.84
          20          11          10           4          273.8         16.282
          20          11          10           5         504.87         17.268
          20          11          10           6         337.52         16.963
          20          11          10           7          544.9         16.158
          20          11          10           8         491.11         12.487
          20          11          10           9         406.31          12.23
          20          11          10          10         548.51         14.233
          20          11          10          11         360.94         15.772
          20          11          10          12         506.73         10.981
          20          11          10          13         406.33         11.546
          20          11          10          14         473.33         12.265
          20          11          16           0              0              0
          20          11          16           1          473.8          26.82
          20          11          16           2          492.1         26.442
          20          11          16           3         504.15         29.238
          20          11          16           4         417.82         30.151
          20          11          17           4          546.3          30.88
          20          11          17           3         448.35         28.897
          20          11          17           2          460.3         30.153
          20          11          17           1         546.29         29.886
          20          11          18           0         411.68         22.401
          20          11          18           1          448.7         22.143
          20          11          18           2         534.57         26.109
          20          11          18           3         462.39          27.23
          20          11          18           4         501.88         31.706
          20          11          19           0         489.82         49.796
          20          11          19           1         411.34         41.819
          20          11          19           2         454.73         39.116
          20          11          19           3          410.9         39.575
          20          11          16           5         395.54         27.187
          20          11          16           6         413.37         24.275
          20          11          16           7         442.99         26.008
          20          11          16           8         455.66         27.914
          20          11          16           9         474.08          30.36
          20          11          17           9         480.94         34.561
          20          11          17           8          570.4          34.11
          20          11          17           7         510.36         33.532
          20          11          17           6         560.34         33.987
          20          11          18           5         489.06         28.041
          20          11          18           6         464.94         26.882
          20          11          18           7         467.75         26.652
          20          11          18           8         506.44         27.418
          20          11          18           9         425.76         33.382
          20          11          19           9         489.19         30.792
          20          11          19           8         576.64          31.07
          20          11          19           7          474.7         30.887
          20          11          19           6         497.99         32.588
          20          11          16          10         446.37         34.531
          20          11          16          11         541.66         28.852
          20          11          16          12         434.43         23.345
          20          11          16          13         314.61         22.466
          20          11          16          14         491.06         31.089
          20          11          17          10         388.28         25.736
          20          11          17          11         531.18         40.455
          20          11          17          12         601.97          38.71
          20          11          17          13          437.6         42.868
          20          11          18          10         462.06         29.992
          20          11          18          11         529.01          26.64
          20          11          18          12         515.29         23.188
          20          11          18          13         466.05          28.19
          20          11          18          14         525.59         36.885
          20          11          19          14         477.95         26.171
          20          11          19          13         454.38         36.345
          20          11          19          12         450.51         38.598
          20          11          19          11         537.06         39.185
          20          11          11           0         486.04         10.284
          20          11          11           1         480.88         11.448
          20          11          11           2          590.7         9.7993
          20          11          11           3         530.79         9.7929
          20          11          11           4         616.28         18.545
          20          11          11           5         573.24         11.574
          20          11          11           6         440.82         9.3073
          20          11          11           7         423.59         12.741
          20          11          11           8         311.27         12.789
          20          11          11           9         502.07         13.616
          20          11          11          10         563.41         12.542
          20          11          11          11         375.58         12.874
          20          11          11          12         459.62         12.826
          20          11          11          13         370.94         13.305
          20          11          11          14         528.93         13.645
          20          11          12           0          521.2         13.652
          20          11          12           1         468.85         15.665
          20          11          12           2         507.17         14.502
          20          11          12           3         673.31         17.084
          20          11          12           4         432.78         19.324
          20          11          12           5         530.21         21.198
          20          11          12           6          531.8         20.264
          20          11          12           7         331.25         22.274
          20          11          12           8         440.87         14.863
          20          11          12           9         238.61          13.75
          20          11          12          10         358.32         12.672
          20          11          12          11         258.03         12.462
          20          11          12          12         431.21         13.609
          20          11          12          13          457.4         12.607
          20          11          12          14         522.31         13.661
          20          11          13           0         514.76         8.4275
          20          11          13           1         520.25         8.5941
          20          11          13           2         569.45         9.8003
          20          11          13           3         557.94         9.1758
          20          11          13           4         495.73         10.645
          20          11          13           5         500.33         9.3024
          20          11          13           6         516.88         9.4555
          20          11          13           7          466.1         15.442
          20          11          13           8         492.88         9.9959
          20          11          13           9         579.74         9.9473
          20          11          13          10         498.82         11.604
          20          11          13          11         480.22          15.39
          20          11          13          12         375.62         10.223
          20          11          13          13         498.88         12.794
          20          11          13          14         505.11         14.385
          20          11          14           0         480.39         13.816
          20          11          14           1         492.08         15.599
          20          11          14           2         460.03         13.714
          20          11          14           3         468.89          11.27
          20          11          14           4         483.47         16.354
          20          11          14           5         296.72          16.09
          20          11          14           6         490.73         17.681
          20          11          14           7         494.41         20.556
          20          11          14           8         445.89         11.778
          20          11          14           9         471.14         14.421
          20          11          14          10         467.04         19.172
          20          11          14          11         512.02         22.354
          20          11          14          12         380.64         14.314
          20          11          14          13         474.29          13.53
          20          11          14          14         457.18           17.6
          20          11          20           0         500.22         34.461
          20          11          20           1         428.69         31.568
          20          11          20           2         479.62         32.151
          20          11          20           3         423.76         34.295
          20          11          20           4         529.73         30.959
          20          11          21           4         460.53          42.52
          20          11          21           3         486.75         37.753
          20          11          21           2         474.97         32.736
          20          11          21           1         553.03         37.461
          20          11          22           0         481.68         34.359
          20          11          22           1         511.53         36.478
          20          11          22           2         463.18         37.725
          20          11          22           3          470.2          38.87
          20          11          22           4          443.5         42.774
          20          11          23           0          341.1         48.934
          20          11          23           1         484.13         42.528
          20          11          23           2          460.2         44.929
          20          11          23           3         388.51         46.155
          20          11          20           5         500.19         27.121
          20          11          20           6         533.95         30.587
          20          11          20           7         408.77         23.193
          20          11          20           8         356.16         32.274
          20          11          20           9         377.74         35.016
          20          11          21           5         408.09         34.881
          20          11          21           6         468.39         32.788
          20          11          21           7         520.32         28.668
          20          11          21           8         556.16         36.116
          20          11          22           5         407.78           25.7
          20          11          22           6         532.99          28.89
          20          11          22           7         422.48         32.578
          20          11          22           8         399.53         34.316
          20          11          22           9         453.66         40.184
          20          11          23           5          458.1         40.908
          20          11          23           6         502.33         33.575
          20          11          23           7         501.43         33.194
          20          11          23           8         475.72         45.215
          20          11          20          10         352.25         43.132
          20          11          20          11         464.98         34.938
          20          11          20          12          528.1         30.478
          20          11          20          13          437.5         25.706
          20          11          20          14         437.66         25.984
          20          11          21          10         433.29         40.809
          20          11          21          11         438.67         38.612
          20          11          21          12         420.04         37.966
          20          11          21          13         375.83         4.4768
          20          11          22          10         446.88         26.436
          20          11          22          11         471.65         23.952
          20          11          22          12         460.42         27.433
          20          11          22          13         427.37         32.138
          20          11          22          14         355.28         36.963
          20          11          23          10         509.49         33.087
          20          11          23          11         529.49         35.578
          20          11          23          12         455.95         32.332
          20          11          23          13         416.66         31.079
          20          11           0           0         627.58         8.5904
          20          11           0           1         719.63         6.3584
          20          11           0           2         537.22         9.0741
          20          11           0           3         635.47         7.4948
          20          11           0           4         713.81         6.6149
          20          11           0           5         537.19         6.8012
          20          11           0           6         785.56         8.1197
          20          11           0           7         783.89         7.1703
          20          11           0           8         623.99         6.8472
          20          11           0           9         598.68         8.7564
          20          11           0          10         637.82           6.74
          20          11           0          11         778.79         8.5601
          20          11           4          10          539.8         11.788
          20          11           4          11         495.95         9.2756
          20          11           4          12         532.91         8.8309
          20          11           4          13         513.17          7.062
          20          11           4          14         461.14         8.5235
          20          11           5           0         537.74         9.0267
          20          11           5           1         623.71         8.3909
          20          11           5           2         586.03         8.0772
          20          11           5           3         459.99         8.8637
          20          11           5           4         616.77         8.7096
          20          11           1           0         551.25         14.847
          20          11           1           1         723.22         8.4029
          20          11           1           2         585.89         10.174
          20          11           1           3         524.79         7.4671
          20          11           1           4         654.73          6.742
          20          11           1           5         677.85         7.4301
          20          11           1           6         733.39         7.4593
          20          11           1           7         683.05         7.2134
          20          11           1           8         624.33          7.595
          20          11           1           9         669.48         7.0541
          20          11           1          10         626.14         7.4056
          20          11           1          11         191.96         1.9513
          20          11           4           5         503.42         11.198
          20          11           4           6         503.21         8.1743
          20          11           4           7         362.37         7.5442
          20          11           4           8          514.6         8.8858
          20          11           4           9         395.47         8.2677
          20          11           5           5          556.9         12.427
          20          11           5           6         415.41         9.6251
          20          11           5           7         542.81         9.3288
          20          11           5           8         413.62         11.721
          20          11           5           9         673.75         10.995
          20          11           2           0         584.58         11.479
          20          11           2           1         562.92         7.3335
          20          11           2           2         390.26         10.367
          20          11           2           3         453.17         7.7514
          20          11           2           4         549.86         8.6134
          20          11           2           5         575.45         8.6274
          20          11           2           6         611.95         9.3945
          20          11           2           7         470.13         7.2216
          20          11           2           8         660.38         8.0321
          20          11           2           9         753.59         8.2287
          20          11           2          10         418.77         8.1685
          20          11           2          11         656.03         11.071
          20          11           4           0         480.46         11.721
          20          11           4           1         557.32         9.8271
          20          11           4           2         557.72          9.928
          20          11           4           3         595.06         10.242
          20          11           4           4         537.12         10.269
          20          11           5          10         496.79         11.339
          20          11           5          11         304.54         9.7576
          20          11           5          12         293.88         8.8102
          20          11           5          13         520.35         9.0944
          20          11           5          14         523.75         9.4137
          20          11           3           0         466.26         12.818
          20          11           3           1         444.72         7.0969
          20          11           3           2         374.58         8.8669
          20          11           3           3         397.57         7.9126
          20          11           3           4         391.88         7.7222
          20          11           3           5         501.68         7.8406
          20          11           3           6         618.02         8.6827
          20          11           3           7         537.89         7.9016
          20          11           3           8         605.33         8.0943
          20          11           3           9         553.84          7.555
          20          11           3          10         674.05         7.1895
          20          11           3          11         602.51         11.453
          20          11           6           0         770.99         12.242
          20          11           6           1         855.66         10.881
          20          11           6           2         686.71         13.676
          20          11           6           3         852.52          11.58
          20          11           6           4         794.42         12.369
          20          11           6           8         493.31         8.8659
          20          11           6           9         423.63         7.3445
          20          11           6          10         453.66           9.13
          20          11           6          11         461.54         8.2158
          20          11           6          12         490.49         8.7489
