#Tue Dec  7 12:33:52 2021
# Copy the contents of this file into $DB_DIR/db_bb.gem.dat to use these pedestals for analysis
# format = detname.commonmode_mean(U,V) and detname.commonmode_rms(U,V) = common-mode mean and RMS for U, V strips by APV card in order of position

bb.gem.m0.commonmode_meanU = 
           487.26            403.07            543.94            359.13            270.78            501.89            334.75            541.65            303.89            468.19            341.42            363.38            503.88            402.05            470.93            514.58 
           542.62            490.21            513.05            342.02            446.15            546.96            536.49            472.56            478.57            500.76            380.11            562.23            482.06             410.8 
bb.gem.m0.commonmode_rmsU = 
           12.445            11.288            13.918            16.478            15.128            15.933            16.043            15.451            11.298            12.527             11.25            11.275            9.6637            10.082            10.515            10.283 
           10.797            10.559            10.369            9.9515            10.251            11.903             11.29            10.893            10.384              14.2              7.79            8.3083            8.0057            6.2373 
bb.gem.m0.commonmode_meanV = 
           421.04            330.26            601.22            468.34            522.93            529.41            427.65            429.14            369.79            513.63            480.28            324.87               439            477.11            503.72               425 
           486.15            571.34            525.98            510.39            550.74               466            483.29            558.69            277.51            475.94            571.02            567.28            513.92            453.69 
bb.gem.m0.commonmode_rmsV = 
           16.694            15.091            16.138            14.854            21.464            20.232            19.894            15.807            12.059            12.765            15.108            12.979            11.083            11.252            12.586            11.883 
           11.958            14.156            8.6182            10.434            12.408            14.666            6.0168            7.9224            10.736            13.748            15.139            9.7849            13.406            7.1346 


bb.gem.m1.commonmode_meanU = 
                0                 0                 0                 0                 0                 0                 0                 0                 0                 0 
bb.gem.m1.commonmode_rmsU = 
                0                 0                 0                 0                 0                 0                 0                 0                 0                 0 
bb.gem.m1.commonmode_meanV = 
                0                 0                 0                 0                 0                 0                 0                 0 
bb.gem.m1.commonmode_rmsV = 
                0                 0                 0                 0                 0                 0                 0                 0 


bb.gem.m2.commonmode_meanU = 
                0                 0                 0                 0                 0                 0                 0                 0                 0                 0 
bb.gem.m2.commonmode_rmsU = 
                0                 0                 0                 0                 0                 0                 0                 0                 0                 0 
bb.gem.m2.commonmode_meanV = 
                0                 0                 0                 0                 0                 0                 0                 0 
bb.gem.m2.commonmode_rmsV = 
                0                 0                 0                 0                 0                 0                 0                 0 


bb.gem.m3.commonmode_meanU = 
                0                 0                 0                 0                 0                 0                 0                 0                 0                 0 
bb.gem.m3.commonmode_rmsU = 
                0                 0                 0                 0                 0                 0                 0                 0                 0                 0 
bb.gem.m3.commonmode_meanV = 
                0                 0                 0                 0                 0                 0                 0                 0 
bb.gem.m3.commonmode_rmsV = 
                0                 0                 0                 0                 0                 0                 0                 0 


bb.gem.m4.commonmode_meanU = 
           462.42            489.78            482.66            531.11            501.41            315.34            508.06            514.17            485.11            497.74            465.64             474.7            382.74            474.65            459.55            372.32 
           498.15            504.94            493.66            580.31            499.85            480.95            499.54             504.1            520.65             469.8            469.55            503.43            542.59            480.21 
bb.gem.m4.commonmode_rmsU = 
           16.538            19.245            25.565            29.916            24.999            23.986            26.381            28.365            21.597            23.273            20.682            15.194              21.4            19.884            22.601             14.72 
           17.791            19.007            11.392            12.707            15.388            17.427            9.3691            10.202            12.482            18.594            9.5605            8.4079            6.5486            6.7879 
bb.gem.m4.commonmode_meanV = 
           267.81             365.2            242.05            442.87             336.2            536.28            531.72            434.05            508.37            507.95            471.35            524.37            525.86            462.49            434.77            530.57 
           374.66            461.63            380.37            568.15            509.26            318.15            429.34            447.04            581.76            624.23            541.26            551.93            575.31            497.97 
bb.gem.m4.commonmode_rmsV = 
           15.454             16.62             18.98            22.605             29.58            28.335            30.012            25.968            22.481            22.055            25.664            19.844            19.865            17.945            18.109            16.674 
            15.81            14.881            13.087            12.814            12.948            11.355            11.093            10.054            10.623            12.015            9.2424            9.0037             10.06            6.3812 


bb.gem.m5.commonmode_meanU = 
           511.85            331.16            509.98            308.96            506.11            446.12            516.45            528.26            473.19            472.43            491.16            461.47            367.83             433.2            444.27            450.43 
           312.08             495.6            539.07            331.58            294.38            492.91            488.98            352.33            454.62            428.37            504.57            388.76            449.22            335.72 
bb.gem.m5.commonmode_rmsU = 
           11.294            12.256            13.965            12.358            14.347            15.671            16.275            18.688            13.553            14.587            13.779            17.493            14.669            16.253            19.853            14.061 
           15.446            10.594            16.296            13.829            14.124            12.919            13.579            11.528            11.451            14.045            10.928            10.345            11.307            12.123 
bb.gem.m5.commonmode_meanV = 
           492.49            421.97            449.54            476.48             307.5             394.1             374.3            278.21            371.21            532.76            425.95            369.58            398.39            580.93            392.86            510.42 
           451.58            356.88             553.1            522.27            585.36            474.76             286.3            350.56            517.23            472.81            370.47            349.95            617.45            565.22 
bb.gem.m5.commonmode_rmsV = 
           14.684            13.085            13.828            13.185            10.801            12.432            10.294            14.437            11.267            12.948            13.911            15.034            14.061            13.525            13.525            16.185 
           13.839            11.822            13.792            14.502            11.851            13.556            10.405             9.703            12.478            8.7822            11.122            7.6574            9.8896            9.2248 


bb.gem.m6.commonmode_meanU = 
           513.73            599.15            561.86            434.79            593.21            453.33            506.47            524.81            488.64            532.59 
bb.gem.m6.commonmode_rmsU = 
           7.3548            7.0414            6.6616            6.6016            7.1081             7.616            7.0844            8.1268            6.9828            9.2214 
bb.gem.m6.commonmode_meanV = 
           585.18            657.65            523.49             612.1             695.7            491.89             757.1            745.12            586.28            577.41            631.42            775.55 
bb.gem.m6.commonmode_rmsV = 
           8.6171            6.3471            7.8436            7.0303            6.5766            6.6012            8.1801            6.7241            6.3213            9.7883            6.0869            8.0421 


bb.gem.m7.commonmode_meanU = 
           530.99             390.3            517.63            388.37             649.2            401.92            521.52            367.94            510.08            510.08 
bb.gem.m7.commonmode_rmsU = 
           9.8059            7.4075             8.132            8.4817            8.8332            7.1487             7.612            6.7579            6.9345            9.1044 
bb.gem.m7.commonmode_meanV = 
           542.13            686.84            556.84            505.78            648.57            668.87            715.39             663.6            634.08            630.85            581.21                 0 
bb.gem.m7.commonmode_rmsV = 
            13.27            7.4217            8.5465            6.9152            7.3829            7.2917            7.9794            7.1059            6.8221            6.6972            7.3689                 0 


bb.gem.m8.commonmode_meanU = 
           496.75            303.49            293.07            518.53            521.17            525.73            582.98            546.54             544.6            468.44 
bb.gem.m8.commonmode_rmsU = 
           9.0695             7.554            7.4877            7.8018            8.0575            7.3561            7.5945            8.1203            7.5199            8.6271 
bb.gem.m8.commonmode_meanV = 
           647.14            409.03            742.07            650.64            460.35            601.96            565.17            540.22            442.47            379.48            552.55            571.65 
bb.gem.m8.commonmode_rmsV = 
           9.7383             7.146            7.1702            7.1818            7.3112            10.068            8.1156            7.6809            7.4998             8.691             7.252             12.35 


bb.gem.m9.commonmode_meanU = 
           494.08            423.95            456.44            462.58            493.19            739.96            794.39            632.58            795.13            713.86 
bb.gem.m9.commonmode_rmsU = 
           7.6354            6.9237             8.764            8.3829            8.4717            7.6776            8.3748            14.246            9.8196            10.314 
bb.gem.m9.commonmode_meanV = 
           596.94            668.06            547.35            599.44            531.31            611.25            494.32            384.26            390.28            368.87            436.75            457.51 
bb.gem.m9.commonmode_rmsV = 
           8.7827            6.4869            6.6815            7.0182            6.9931             8.649            7.3978            6.7805            7.3667            8.0682            6.6729            12.943 

