#Wed Nov 17 17:38:46 2021
# Copy the contents of this file into $DB_DIR/db_bb.gem.dat to use these pedestals for analysis
# format = detname.commonmode_mean(U,V) and detname.commonmode_rms(U,V) = common-mode mean and RMS for U, V strips by APV card in order of position

bb.gem.m0.commonmode_meanU = 
           493.23            405.32            548.68            358.62            271.56            507.62            335.58            546.65            298.68            468.19            339.93            363.08            506.27            404.21            473.55            515.46 
           544.79             491.8            514.75            342.78            448.27            550.56            538.83            474.76             482.8            504.78            380.16            564.74            482.37            410.21 
bb.gem.m0.commonmode_rmsU = 
            13.48            13.193            15.867             18.23            17.192            17.463            17.538            16.848                13            13.486            12.025            12.064             10.45            10.765            11.553            11.274 
           11.311            11.429            11.227            10.503            10.558            12.907            12.291            11.629            11.074            15.443            8.3379            8.9193            8.4679             6.431 
bb.gem.m0.commonmode_meanV = 
           421.79            329.27            604.28            470.76            525.25            532.95            429.45            429.43            369.66            516.71            482.75            323.74            440.39            478.51             504.6            427.77 
           488.83            574.79            528.15            512.12            552.74             467.9            485.64            560.97            275.59            475.38            572.09            567.63            516.26            453.93 
bb.gem.m0.commonmode_rmsV = 
           19.309            18.791            20.409             19.67            26.877            25.617            24.912            20.898            14.228            15.395             18.16            16.769             13.13            13.413            16.209            13.412 
           13.983            17.576            9.9535             12.11            14.678            19.076            6.8464            8.7008            12.136            17.356            17.116             12.36            14.583            7.3233 


bb.gem.m1.commonmode_meanU = 
           446.05            452.75            476.53            545.06            566.23            532.38            494.87            518.63               538            475.99 
bb.gem.m1.commonmode_rmsU = 
           20.682            23.903            18.255            22.525            19.939            19.896             19.65            19.597             23.78            23.225 
bb.gem.m1.commonmode_meanV = 
           505.02            684.69             414.1            599.26            455.86            587.57            411.23            681.22 
bb.gem.m1.commonmode_rmsV = 
           30.108            23.457            21.436            23.936            19.205            22.467            20.289            24.808 


bb.gem.m2.commonmode_meanU = 
           617.14            553.77            592.35            533.74            590.01            525.26            631.83            496.99            549.29            476.68 
bb.gem.m2.commonmode_rmsU = 
            26.73            26.253            25.136            23.851            25.028            23.688            25.034            21.531            30.952            24.746 
bb.gem.m2.commonmode_meanV = 
           534.41            679.82            618.65            632.62            514.79            701.66            543.52            621.33 
bb.gem.m2.commonmode_rmsV = 
            23.66             33.88            22.497            29.417            22.216            29.251            25.635            29.632 


bb.gem.m3.commonmode_meanU = 
           603.44            500.51            672.92            322.44            661.01            443.82             605.6            551.46            664.58            454.57 
bb.gem.m3.commonmode_rmsU = 
           28.256            28.095             27.01            21.527            24.468            22.129             25.35            22.824            29.056            24.984 
bb.gem.m3.commonmode_meanV = 
           561.31            504.32            541.99            671.78            529.17            601.63            622.93            454.94 
bb.gem.m3.commonmode_rmsV = 
           20.714            24.304            24.277            25.413            24.586            26.436            27.903             17.92 


bb.gem.m4.commonmode_meanU = 
           460.39            487.12            480.19            530.71            499.78            310.92            505.12            510.85            484.02            496.18            464.96            473.84            382.63             474.7            460.57            373.42 
           497.62            505.22            495.46            580.91            500.63            480.01            500.48            505.18            520.89            469.48            471.02            506.32            546.36            483.54 
bb.gem.m4.commonmode_rmsU = 
           17.561            19.978            27.347            33.422             25.58            26.293            30.073            33.364            23.264            25.978             23.58            18.083            23.791             22.77            27.553            16.133 
           20.733            23.763            12.233            14.343            18.949            23.329            9.6997            10.914            14.427            23.262            10.335            9.2073            6.7154            6.9496 
bb.gem.m4.commonmode_meanV = 
           267.72            364.75            241.17            444.19            337.39            541.45            536.56            436.93            511.47            511.04            475.24            527.54            529.99            466.04            439.13            536.05 
           377.72            466.29            381.24            574.25            512.07            320.33            431.71            448.68            584.01            627.24            546.56            552.79            580.23            501.91 
bb.gem.m4.commonmode_rmsV = 
           18.146            17.666            20.708            22.245            32.286             30.88            32.884            28.321            24.957            24.729            28.752            22.175            22.668            20.151            20.074            19.882 
           17.773            16.788             16.03            14.642            13.925            12.175            15.984            11.968            11.232            16.291            10.305            9.7419            10.374            6.7192 


bb.gem.m5.commonmode_meanU = 
            514.7            331.44            513.42            310.29            507.32            447.91            520.39            535.43            476.39            476.02            495.69            467.54            369.38            436.73            449.17            453.48 
           312.78            499.71            543.02            333.37            298.91                 0            495.61            357.89            461.78                 0            508.48            393.66            453.44            335.85 
bb.gem.m5.commonmode_rmsU = 
           12.816            13.006            14.313            12.821            16.887            16.503            17.153            19.609             16.07            16.288            16.077             21.13             18.55            19.867            26.826            19.481 
           18.991             12.94            23.239            19.716            20.193                 0            29.262            26.879            23.737                 0            15.929            15.456            18.576             17.53 
bb.gem.m5.commonmode_meanV = 
           497.01            425.21            452.64             480.9            306.63            395.21            376.44            276.52            371.44            537.23            427.38            371.88            400.04            585.61            393.78            514.88 
           452.07            356.56            555.36            527.19            588.57             476.3            350.47            352.89            520.25             474.6            369.49             349.9            621.46            568.23 
bb.gem.m5.commonmode_rmsV = 
           17.344            14.008            15.076            14.261            11.184            12.779            10.916            15.519            12.268            13.988            15.808            18.285            15.852            15.564            15.393            23.334 
           18.877             16.26            21.929            24.925            18.176            20.812            21.565            20.818            20.079            12.774            24.631            15.414            20.177             18.13 


bb.gem.m6.commonmode_meanU = 
           519.11            606.19            567.47            439.03             599.5            454.55             508.6            526.95            491.59            536.42 
bb.gem.m6.commonmode_rmsU = 
           7.5118            7.2562            6.9558             7.058            7.3514            7.9066            7.2555            8.4718            7.2426            8.9699 
bb.gem.m6.commonmode_meanV = 
           596.22            667.54            532.32            622.15            705.82            499.53            769.41            757.98             595.7            586.45            640.14            788.09 
bb.gem.m6.commonmode_rmsV = 
           8.9243            6.6287            8.2054            7.2705            6.8837            6.9604            8.5514            7.0054            6.3572            10.246            6.3376            8.2309 


bb.gem.m7.commonmode_meanU = 
           536.85             394.5            521.24            388.77            652.02            403.72            526.28             368.2            512.68            512.31 
bb.gem.m7.commonmode_rmsU = 
           10.059            7.7257            8.4734            9.3517            8.7849            7.4038            7.6976            6.8298            7.1524            9.6427 
bb.gem.m7.commonmode_meanV = 
           544.71            691.83            559.88            508.37            657.91            673.66            720.51            670.85            638.84            634.31            587.23                 0 
bb.gem.m7.commonmode_rmsV = 
           14.004            7.6567            8.9304            7.0532            7.6339             7.394            8.0316            7.2359            6.8738            6.7687            7.4526                 0 


bb.gem.m8.commonmode_meanU = 
           498.59             303.8            293.64            522.48             528.5            528.67            587.07            551.19            550.04            472.75 
bb.gem.m8.commonmode_rmsU = 
           9.2018            7.8511             7.823            8.1674            8.3391            7.6661            7.8518            8.4071            7.4931            8.4998 
bb.gem.m8.commonmode_meanV = 
           651.18            410.29            749.89             654.7            461.78            605.39            566.98            542.96            443.15            378.04            554.85            574.81 
bb.gem.m8.commonmode_rmsV = 
           10.239            7.5493            7.4825            7.5758            8.2759            10.592            8.3111            7.8973            7.7059            9.0207            7.3766            13.036 


bb.gem.m9.commonmode_meanU = 
           498.07             425.3               456            463.18            494.86            748.81            804.67            640.23            807.11            722.22 
bb.gem.m9.commonmode_rmsU = 
           7.7108            6.8446            8.5804            8.3418            8.1044            7.7504            9.2818            11.671            9.2623            10.059 
bb.gem.m9.commonmode_meanV = 
           599.68            671.65            548.64            601.95            534.38            614.21            496.94            384.44            390.94            367.11            438.09            458.51 
bb.gem.m9.commonmode_rmsV = 
           9.1221            6.6299             6.742            7.1216            7.1204            9.0782            7.6711            7.1615            7.6108             8.358             6.965            14.433 

