#Mon Sep 27 00:51:00 2021
# Copy the contents of this file into $DB_DIR/db_bb.gem.dat to use these pedestals for analysis
# format = detname.commonmode_mean(U,V) and detname.commonmode_rms(U,V) = common-mode mean and RMS for U, V strips by APV card in order of position

bb.gem.m0.commonmode_meanU = 
           494.55            407.84            549.84            361.84            274.45            508.16            337.93            547.73            306.37             473.7             345.3            367.25            509.54            407.41            476.05            519.33 
           549.32            496.52            519.77            348.03            453.92            555.58            543.68            479.48            487.47            510.26            383.96            567.55            486.72            414.38 
bb.gem.m0.commonmode_rmsU = 
           15.064            15.341            19.927            23.543            22.195            24.061            24.903             24.12            17.917            19.867            18.407            19.017            14.701            15.796             17.28            14.007 
           15.544            15.702            13.478            13.355            14.568            16.119            13.413            13.598            13.545            17.165            9.2986            9.9712            9.7411            6.8006 
bb.gem.m0.commonmode_meanV = 
           422.36             328.4            602.06            468.77            524.59            531.26             429.1            429.02            367.85             512.4             479.4            320.71            437.13            476.29            501.97            424.69 
           486.71            572.72             525.3             509.9            550.14            466.06            479.71             554.5            270.76            470.77             564.7            558.63             506.7            446.44 
bb.gem.m0.commonmode_rmsV = 
           15.315            17.336            21.371            22.103            26.712              25.6            25.796            20.476             18.92            18.867            20.704            17.337            15.976            15.004            15.346            16.789 
           15.163             15.61            13.044            14.285            15.007            14.941            7.4033            11.091             13.02            11.909            15.169            9.9225            16.216            8.0886 


bb.gem.m1.commonmode_meanU = 
           416.91            417.41             448.1            504.99            535.27             491.7            463.66            477.03            504.39            441.79 
bb.gem.m1.commonmode_rmsU = 
           15.704            16.092            14.528            16.582            16.091            16.018            15.976            16.001            18.667            11.802 
bb.gem.m1.commonmode_meanV = 
           497.33            576.89            410.77            486.86            453.11            476.36            406.43            570.52 
bb.gem.m1.commonmode_rmsV = 
           21.829            13.582            16.101            13.483            16.038            13.396            18.641             16.32 


bb.gem.m2.commonmode_meanU = 
           504.07             477.2            479.01            459.34            478.07            446.89            518.29            417.77            434.01            398.98 
bb.gem.m2.commonmode_rmsU = 
           17.801            16.733            16.646            14.857            17.097            15.288            16.931            14.259            20.494            15.886 
bb.gem.m2.commonmode_meanV = 
           490.91            578.45             576.4            528.04            471.63            589.77             496.1            502.48 
bb.gem.m2.commonmode_rmsV = 
           16.241            17.176            15.403            15.589            16.787            15.942            20.404            18.574 


bb.gem.m3.commonmode_meanU = 
           494.41            490.55            561.28            314.25            548.19            435.95            496.29            543.23            555.18            447.12 
bb.gem.m3.commonmode_rmsU = 
           17.562            20.221            17.972            15.152            15.703            15.387            16.943            16.274            19.807            18.741 
bb.gem.m3.commonmode_meanV = 
           484.67            438.38            461.16            604.35            451.23            532.64            540.79            390.01 
bb.gem.m3.commonmode_rmsV = 
           13.543            15.201             16.24            16.566            17.995            17.221            21.589            12.907 


bb.gem.m4.commonmode_meanU = 
           447.69            473.96            468.36            515.49            485.35             298.3            491.65            496.08            482.62            495.36             462.5            472.14            384.74            477.04            460.77            374.58 
           497.78            503.75            493.78            580.56            499.77            481.35            496.62            499.86            517.94            464.91            469.19            500.34             540.6            475.62 
bb.gem.m4.commonmode_rmsU = 
           13.095            16.524            22.584            26.627            21.275            20.435            22.239            24.418            18.853            20.356             17.53            12.658             19.29            17.116            18.778            13.278 
           15.174            14.548            11.596            11.556            12.297            13.552            10.028            10.048            10.023            12.771            8.7705            9.5826            7.0277            7.2019 
bb.gem.m4.commonmode_meanV = 
           261.66            360.98            238.89            442.05            332.14            534.98            531.52            433.27            505.35            505.59            468.61             520.8            523.38            458.29            431.11            529.62 
           372.36            460.76            376.03            566.48            504.72             312.4            426.64            444.46            575.78            618.03            537.45            546.06            571.68            493.24 
bb.gem.m4.commonmode_rmsV = 
           18.877             16.48            17.346            18.209            30.408            28.461            29.213            25.551            20.439             20.08            24.162            18.373            18.152            16.666            17.568            15.674 
           15.504            15.738             12.23            12.903            14.502            13.002            10.988            9.1941            11.316             15.45            11.064            8.3385            9.8422            5.7951 


bb.gem.m5.commonmode_meanU = 
           479.42            523.46            515.44            425.02            465.35            483.33            470.99            429.94            444.69            495.58 
bb.gem.m5.commonmode_rmsU = 
            19.29            17.124            16.158            16.986             14.83            16.034            14.647            15.316            18.624            18.515 
bb.gem.m5.commonmode_meanV = 
           341.83            550.92            488.49            473.08            462.66            483.48            395.47            458.89 
bb.gem.m5.commonmode_rmsV = 
            24.39            18.034            18.658            15.045            19.349             15.25            20.756             16.88 


bb.gem.m6.commonmode_meanU = 
           406.53            378.39            531.01            359.72            420.62               410             398.6            534.55            457.44            507.98 
bb.gem.m6.commonmode_rmsU = 
           16.302             23.26            14.754            18.428            15.913            14.685            14.911            18.162            18.613            18.055 
bb.gem.m6.commonmode_meanV = 
           457.56            549.55            506.39            522.25            510.16            465.69            485.09             401.5 
bb.gem.m6.commonmode_rmsV = 
           20.216            20.576            16.351            15.772             17.14            15.933            23.117             17.16 


bb.gem.m7.commonmode_meanU = 
           453.33            430.46            477.42            436.89            465.57            532.42            429.95            468.16            361.31            357.51 
bb.gem.m7.commonmode_rmsU = 
           29.257            31.732            25.056            31.389            27.235            34.913             30.66            34.957            33.424            35.939 
bb.gem.m7.commonmode_meanV = 
           533.35            443.75            549.87            415.22            463.52             439.8               435            436.93 
bb.gem.m7.commonmode_rmsV = 
           29.271            4.1027            32.099            19.692            28.993            33.361            27.936            34.836 


bb.gem.m8.commonmode_meanU = 
           535.11            621.78            584.21            457.02            614.18            461.31            514.92             534.9            497.52            543.36 
bb.gem.m8.commonmode_rmsU = 
           8.6765            8.1138            7.7889            8.3848             8.597            8.3338            7.0404            8.7904            9.1724            11.502 
bb.gem.m8.commonmode_meanV = 
           614.43            686.44            551.22            641.17            724.43            519.51            788.01            776.61            615.02            605.67            660.26            808.47 
bb.gem.m8.commonmode_rmsV = 
           8.0558             6.316            9.0808            7.5084             6.574            6.8107            8.2756            7.3652            7.2433            9.0143            6.8227            8.6165 


bb.gem.m9.commonmode_meanU = 
           555.07            412.99            539.45            405.74            666.39            413.46            534.25            378.59            520.71            518.77 
bb.gem.m9.commonmode_rmsU = 
           11.927            9.1563            8.5168            11.103            10.206              8.41            8.5746            7.4741            8.0084            10.599 
bb.gem.m9.commonmode_meanV = 
           561.09             708.4            576.55            525.68            669.94            690.27            736.51            686.25             656.4            651.84            604.74                 0 
bb.gem.m9.commonmode_rmsV = 
           13.462            8.1813            10.123            7.4199            7.0421             7.696            7.8869            7.4974            7.3882            7.1178            7.6248                 0 


bb.gem.m10.commonmode_meanU = 
           496.06            303.37            294.03            521.68            527.07            536.72            596.13            557.82            556.63            482.15 
bb.gem.m10.commonmode_rmsU = 
           11.681            10.824            9.3727            9.8486             11.09            9.0862            9.1987            9.0304            8.6843            9.2588 
bb.gem.m10.commonmode_meanV = 
            657.8            419.65            758.99            663.52            470.31            614.39            577.36             552.4            454.46            389.99            563.61            585.07 
bb.gem.m10.commonmode_rmsV = 
            11.59            8.3052            8.5711            8.0534            7.6784            9.6091            9.0248            8.9126             7.926            10.558            7.9158            11.669 


bb.gem.m11.commonmode_meanU = 
           494.59             424.7            456.51            465.23            493.72            683.79            737.97            575.61            736.85             655.2 
bb.gem.m11.commonmode_rmsU = 
           8.5764            7.1438            9.2533            7.9648            8.8776            8.4454             10.29             15.53            8.8132            11.715 
bb.gem.m11.commonmode_meanV = 
           607.29            679.41             558.3               610            542.33            623.35            506.02            394.54            399.99            376.76            447.73            468.61 
bb.gem.m11.commonmode_rmsV = 
           10.506             7.492            8.0908            8.1459            8.0928            9.8603            8.6119            8.2516             8.646            8.4862             7.238            13.918 

