#Fri Jan 21 09:30:02 2022
# Copy the contents of this file into $DB_DIR/db_bb.gem.dat to use these pedestals for analysis
# format = detname.commonmode_mean(U,V) and detname.commonmode_rms(U,V) = common-mode mean and RMS for U, V strips by APV card in order of position

bb.gem.m0.commonmode_meanU = 
           492.13            406.52            549.18            361.24            274.68            506.86            338.19            547.74            308.76            472.82            344.95             367.3            509.11             406.8            475.27            518.09 
           545.81            493.31            517.66            346.35            452.55             552.8            541.12            477.24            484.84            505.71            385.73            567.31            487.34            415.19 
bb.gem.m0.commonmode_rmsU = 
           10.495            9.3056             10.66             12.71            9.9563            13.092            16.119            20.206            9.2798             11.49            12.496            18.667            8.6421             11.84            20.118            10.049 
           11.317            16.325            11.488            10.709            16.312            29.254             19.47            11.594            14.063            31.897            8.9982             8.902            8.8596            7.3518 
bb.gem.m0.commonmode_meanV = 
           420.84            329.14            599.75            467.99            522.14            530.22            427.53            428.84            370.68            513.97            480.99            324.37            455.28            444.35            417.69            530.64 
           423.82            432.44             525.1            508.01            550.82            465.25             483.2            558.57            277.22            474.62            570.77            566.14            514.21            452.59 
bb.gem.m0.commonmode_rmsV = 
           10.636            11.181            13.265             14.18            11.696            13.989            16.512            17.455            9.2608             8.927            14.076            17.325            9.5815            17.157             29.93             16.27 
           11.499            23.584            11.541            9.0166            13.429            23.924            9.9121            8.1048            12.111            24.789            25.957            15.788            13.785              7.74 


bb.gem.m1.commonmode_meanU = 
           512.39            496.58            478.76            642.37            394.94            518.36            503.42            561.06            381.84            495.33            476.54            553.19            459.78            480.77            529.41            537.36 
           432.18            483.14            428.92            456.99            516.84            521.37            394.61            441.38            459.31            547.64            534.54            416.68            526.33            543.12 
bb.gem.m1.commonmode_rmsU = 
           10.716            11.855            12.757            13.998            10.302            11.434            11.744            14.215            11.639            12.208            16.551            19.548            14.368            13.145            14.708            16.764 
           12.184            13.205            6.7829            14.241            13.627            15.795            12.413            13.086            13.653            14.424             8.514            9.3644            11.656            16.873 
bb.gem.m1.commonmode_meanV = 
           499.62            520.91            480.75            483.25            551.54            576.21            525.26            490.44            526.87            522.62            348.69            503.35            381.07            559.58            573.23            579.63 
           510.72            551.45            563.87            416.44            595.31            432.29            540.98            474.07            498.66            585.09            462.87            468.23            413.41            380.24 
bb.gem.m1.commonmode_rmsV = 
            15.56            11.297            9.0023            13.386            10.516            12.554            15.136            12.009            21.723            11.436            12.202            10.975            19.014            18.121             21.15            13.673 
           11.816            13.326            10.698            10.171            11.485            11.536             12.61            10.256            9.6291             8.988            14.854            9.9706            10.122            11.595 


bb.gem.m2.commonmode_meanU = 
            458.4            483.89            477.28             525.7            495.29            307.64            501.09            506.59            482.63            495.51            463.62            472.58            545.53            442.29            471.74            410.03 
           475.31            458.24            494.25            579.68             499.6            479.61            499.53            503.95            521.01            467.76            470.07            502.76            543.74            482.33 
bb.gem.m2.commonmode_rmsU = 
           15.218            12.822            14.832            16.024            11.733            11.567            12.925            14.261            8.5469            9.6675            8.6219            7.3232            12.677            12.485            13.353            12.222 
           15.365            17.294            10.362            8.8883            9.2602            14.927            12.414            8.0491            9.8674            23.472            13.962            8.4282            8.3019            7.7713 
bb.gem.m2.commonmode_meanV = 
           264.93            361.45            237.86             439.8            333.01            533.91            529.15            430.87            504.04            504.48            467.85             521.1            429.81            464.88            527.95             437.2 
            503.8            451.78            375.24            565.43            504.32            312.72            424.36            442.39            575.49            617.66            536.03            545.28            568.42            491.38 
bb.gem.m2.commonmode_rmsV = 
           18.424             9.863            11.658             16.36            13.677            11.649            11.853            11.746            8.0262            7.2476            11.232            9.1978            9.0174            9.2196              12.3            10.516 
           14.286            17.579            9.6886            8.7443            10.827            11.629            10.907            8.3628            10.958            19.542            9.6694            11.089            12.214            6.9157 


bb.gem.m3.commonmode_meanU = 
           514.23            332.67            511.59            310.09            506.36            447.93            518.59            531.98            472.93            472.81            493.92            463.33            443.72            443.34            481.39            490.22 
           463.16            569.53            543.13            333.88            296.28            496.97            490.46            355.41            457.96             503.2            504.83            390.47            450.81            335.97 
bb.gem.m3.commonmode_rmsU = 
           15.222            16.302             20.12            16.859            17.406              19.8             21.22            22.191            17.624            18.894            17.817            21.135            20.117            27.152            35.638            20.663 
           17.842            17.427            17.748            14.736            14.341            12.132            17.971            15.155            14.512            14.393            13.072            15.512            20.621            25.653 
bb.gem.m3.commonmode_meanV = 
           450.44            425.41            456.43            488.04            314.26            402.31             383.1            285.61            373.19            537.25            427.92            372.43            457.23            534.03            395.86            392.89 
           424.52            389.59            555.73            524.23            587.87             475.5            567.79            351.76            519.07            474.06            376.35            354.27            621.79            568.07 
bb.gem.m3.commonmode_rmsV = 
           10.127            10.527            12.311            13.358            10.592            11.201            9.2667            13.725            11.298            12.592            13.808             14.64            10.324            10.657            12.198                15 
           14.208            13.977            11.705            14.741            13.691            16.631            11.502            16.256            20.333            11.358             13.13            10.976            14.605            14.384 


bb.gem.m4.commonmode_meanU = 
           513.78            598.57            561.87            434.34            593.44            451.63            505.56            524.63            487.34            532.15 
bb.gem.m4.commonmode_rmsU = 
           7.8339            7.0194            6.7454            6.9054            7.8585            8.4424            7.1073            8.1298            7.9389            13.671 
bb.gem.m4.commonmode_meanV = 
           586.03            657.98            523.93             612.6            695.63            491.91             757.7            745.75            586.24            578.14            632.28            777.19 
bb.gem.m4.commonmode_rmsV = 
           9.4724            6.4137             7.865            7.0196            6.5797            6.5779             8.242            6.6544            6.3168            9.8121            6.0839            8.6548 


bb.gem.m5.commonmode_meanU = 
           531.86            390.62            518.38             388.5            648.87             403.1            524.22            369.14            512.73             512.9 
bb.gem.m5.commonmode_rmsU = 
           12.637            8.0421            8.3764            7.6933            11.278            7.8214            8.9651            8.3208            8.4448            10.697 
bb.gem.m5.commonmode_meanV = 
           543.97            689.11            558.64            507.83            651.14            671.76            717.65            667.77            636.03            632.79            584.92                 0 
bb.gem.m5.commonmode_rmsV = 
           14.268            8.1479            9.5041            7.8936            8.4881            8.5922            9.3617            8.8415            8.4097             8.236            8.5042                 0 


bb.gem.m6.commonmode_meanU = 
           496.41            304.53            294.36            519.98            524.11            526.59            583.67            546.85            545.49             470.2 
bb.gem.m6.commonmode_rmsU = 
           10.276            8.1779            8.0873            8.2718             8.615            7.4637            8.0342            8.9188            8.1482            9.3541 
bb.gem.m6.commonmode_meanV = 
           649.23            410.49            746.24            653.16            462.18            603.36             567.5             541.8            444.57            380.83            553.66            573.81 
bb.gem.m6.commonmode_rmsV = 
           9.8856            7.3459            7.3724            7.3877            7.4004            10.152            8.2139             7.795            7.5962            8.7101             7.382            14.028 


bb.gem.m7.commonmode_meanU = 
           493.23            423.46            455.35            461.27            494.78            701.43            754.84            594.59             753.9            672.29 
bb.gem.m7.commonmode_rmsU = 
           7.8213            7.5776            10.991            9.9284            9.7439            9.4048            8.7834            11.122            9.0365            11.904 
bb.gem.m7.commonmode_meanV = 
           597.61             669.9            549.51            600.51            533.29            612.82            496.79            386.78            392.55            369.53            439.29            459.07 
bb.gem.m7.commonmode_rmsV = 
           9.5369            7.0875            7.7936            8.2316            8.2203            9.6017            8.2743            7.6455            7.9397            8.5382            6.7485            13.979 

