#Sat Jan 22 14:47:49 2022
# Copy the contents of this file into $DB_DIR/db_bb.gem.dat to use these pedestals for analysis
# format = detname.commonmode_mean(U,V) and detname.commonmode_rms(U,V) = common-mode mean and RMS for U, V strips by APV card in order of position

bb.gem.m0.commonmode_meanU = 
            489.5            405.75            546.54            360.58            275.13            503.66            337.65             545.4            308.89             471.5            345.24            367.08            506.73            405.86            474.14            515.74 
            542.9            491.21            513.76            345.25            449.95            549.52            538.43             476.1             482.9            504.21            384.23            565.43            487.26            415.47 
bb.gem.m0.commonmode_rmsU = 
           10.048            8.7343            9.3603             11.13            9.5921            11.312            13.167             16.23            9.2341            10.756            10.684            15.494            8.9521            10.402            16.761            10.659 
           10.035            13.366            12.041            9.6759            13.366            23.894            18.987            11.501            11.516            26.989            8.0923             8.319            8.1981            6.3876 
bb.gem.m0.commonmode_meanV = 
           418.36            328.49            596.96            466.66            520.38             527.1             425.8             427.9            369.43            511.45            478.16            323.91            452.24            440.45            415.21            529.03 
           424.33            432.39            523.96            506.01            549.11            463.11            481.33            556.61            277.88            473.41            570.34            566.01            513.49            452.38 
bb.gem.m0.commonmode_rmsV = 
           8.3764             8.725            10.475             10.78            9.3356            10.433            12.981             12.63            10.391             7.818            11.535             12.84             9.427            12.716            22.765            17.303 
           9.9494            18.309            12.449            8.4342            11.185            18.689            10.097             8.524            10.082            19.377            19.601             12.83            12.811            7.2849 


bb.gem.m1.commonmode_meanU = 
           512.12            496.57            478.53            641.15            394.72            517.81            502.89            559.46             381.7            494.33             476.5            552.91            460.17            480.78            528.19            535.78 
           430.24            481.25            429.09            457.39            516.77            521.46            394.12            440.27            459.02            547.03            531.99             415.7            525.81            543.38 
bb.gem.m1.commonmode_rmsU = 
           9.5957            10.488            10.977            12.892            10.131            10.256             10.05            12.224            11.408            11.029            14.469             16.71             14.87            13.452            14.533            16.833 
           12.299             13.24            6.4431            13.429            11.962            13.714            11.941            12.347            12.316            12.006            8.3026            8.4311            9.2737            12.869 
bb.gem.m1.commonmode_meanV = 
           498.79            520.82            480.83            484.28            551.56            576.06            526.03            490.79            525.67            522.16            349.04            501.94            380.63             559.2            573.32            577.88 
           509.63               551            562.49             416.7            595.27            433.12            539.27            473.02             497.4            583.39            461.95            466.61            412.43            379.87 
bb.gem.m1.commonmode_rmsV = 
           13.487            10.303            8.6582             12.36            10.235            11.551            13.945             11.54            19.109            10.632            12.124            10.613            17.098            16.659            19.967            13.012 
           11.411            12.717            10.769            10.047            11.442            11.038             12.31            10.361            9.6112            8.7211            14.479            10.131            9.4068            9.6736 


bb.gem.m2.commonmode_meanU = 
           457.81            482.79            477.05            525.45            494.14            307.92            500.13            506.21            482.16             495.1             463.3            472.27             545.4            442.35             471.2            409.74 
           474.61            457.67            493.52            578.64            499.08            478.89            498.51            503.88            519.24            466.93            469.76            502.26            542.25            481.28 
bb.gem.m2.commonmode_rmsU = 
           15.843            11.559            11.921            11.775            9.9473            9.5133            10.213            11.491            8.3471            9.1745            8.0957            6.7642            12.739            12.086            12.647            12.972 
           15.267            16.102            9.2851            8.6154            8.8452             12.99            10.454            7.8835             8.799            17.924            9.4879            8.2701            6.7885            7.9487 
bb.gem.m2.commonmode_meanV = 
           264.89            361.59            238.26            439.42            332.77            533.46            528.67            430.23            502.97            503.28            467.67            520.03            430.67            464.99            527.96            436.83 
           503.28            450.97            375.83            564.65            503.34            313.28            423.76            441.78            575.73            617.74             535.5            545.06            568.09            491.16 
bb.gem.m2.commonmode_rmsV = 
           20.325            10.585            9.6609             12.92            16.651            14.007            13.764            13.138            8.2604            7.7906            11.423            9.0551            9.2333            9.4331            12.129             10.79 
            14.22            17.154            9.6197            8.6145            10.532            10.782            10.308            7.5146            10.753            21.416            10.977            9.9349             15.21            10.292 


bb.gem.m3.commonmode_meanU = 
           513.87            333.24             510.4            309.98            505.55            446.02            515.78            529.68            472.17            470.81            492.48            462.57            443.15            443.61            480.08            489.77 
           462.26            568.41            543.21            335.08            297.21            500.17            490.81            355.41             458.1            502.83            504.08            390.75            450.38               336 
bb.gem.m3.commonmode_rmsU = 
           13.955            14.897            18.017             15.21             16.14            18.296            19.322            20.243             16.11             17.38            16.204            19.076            18.439            24.285            31.627             19.23 
           15.929            15.008             16.73            14.128            14.224             12.26            16.871            14.645            14.014            14.471            12.531            14.762             19.13            23.251 
bb.gem.m3.commonmode_meanV = 
           447.34            424.83            456.65            487.33            314.26            401.29            381.84            285.36            372.58            535.91            427.56            371.48            456.94            533.42            395.08            392.75 
           424.24            389.92            554.34            523.25            586.88            474.46            291.92            352.49            518.24            473.57            374.44             353.4            619.89            567.09 
bb.gem.m3.commonmode_rmsV = 
           9.9217            10.141            12.012            12.231            10.242            11.042            9.2291            13.146            9.9391             11.57            13.022            13.372            9.1213             9.425            10.943            12.308 
           11.146            11.652            10.677            12.459            11.308            13.064            9.4044             9.799            12.384            7.9414             10.93            9.3051            13.266            12.711 


bb.gem.m4.commonmode_meanU = 
           513.16            598.64            561.24            434.15            590.23            451.86            504.86            525.04            487.74            532.39 
bb.gem.m4.commonmode_rmsU = 
           7.6635             6.995            6.5892            6.7742            7.3733            7.9684            6.9656            8.2465             7.409            11.666 
bb.gem.m4.commonmode_meanV = 
           586.86            658.12            523.61            612.01            694.76            492.07            756.68            744.25            586.43            578.17            632.37            775.94 
bb.gem.m4.commonmode_rmsV = 
           9.1624            6.3925            7.8668            7.0155            6.5785             6.586            8.1705            6.7051            6.2716            9.7597            6.0155            8.4848 


bb.gem.m5.commonmode_meanU = 
            532.8            391.72            518.68            386.79            644.57            404.13            523.49            371.07            514.33            514.64 
bb.gem.m5.commonmode_rmsU = 
            11.85            7.8239            8.2557            6.9506            11.469            7.4029            7.9608            7.2527             7.546            10.512 
bb.gem.m5.commonmode_meanV = 
           543.68            688.49            558.77            507.65            650.29            670.63            718.09            667.39            636.93             633.1            586.25                 0 
bb.gem.m5.commonmode_rmsV = 
           14.084            7.3176            8.7951            7.3479            7.9203            7.9223             8.662            8.0594            7.7217            7.4337            7.9309                 0 


bb.gem.m6.commonmode_meanU = 
           496.72            305.38            295.24            520.33            524.38            525.03            583.08            546.87             545.2            470.07 
bb.gem.m6.commonmode_rmsU = 
           9.4476            7.9664            7.8053            8.0498            8.2761            7.5405            7.8972            8.5279            7.5635            8.1048 
bb.gem.m6.commonmode_meanV = 
           648.15            410.64            745.34            652.21            462.54            603.43            566.87            541.12            444.73            380.73            553.73            573.33 
bb.gem.m6.commonmode_rmsV = 
           9.7088            7.2045            7.2455            7.2794            7.2429            10.043            8.1778            7.6483            7.5444            8.6984            7.2596            13.349 


bb.gem.m7.commonmode_meanU = 
              492            423.23            454.43            459.85            492.36            697.62            750.36            591.79            750.56            669.68 
bb.gem.m7.commonmode_rmsU = 
           7.8568            7.8356            11.227            10.216            10.099            7.8181            8.2162            13.815            9.0184            11.012 
bb.gem.m7.commonmode_meanV = 
           595.95             667.5            547.42            598.54            530.21            611.19            493.91            384.88            390.54            368.16            438.51            458.03 
bb.gem.m7.commonmode_rmsV = 
           8.4044            7.5105            8.0485            8.5421              8.35            9.8254            8.4995            7.9115            8.1923            8.6041            6.6705            15.405 

